rs869191	ut	lps	delta
1	0.78694469	0.559451289	-0.289084359
2	0.783754722	0.568551498	-0.274579812
2	0.756169267	0.569797623	-0.246468155
2	0.774458459	0.570536032	-0.263309703
1.993	0.749025032	0.571217521	-0.237385272
0.987	0.797066269	0.573180625	-0.280887114
2	0.811819946	0.578999836	-0.286787866
2	0.804043849	0.57977871	-0.278921528
1	0.767980327	0.587074862	-0.235560025
1.998	0.777714755	0.589373106	-0.242173173
2	0.795220492	0.60138162	-0.243754876
1.999	0.764669964	0.604786358	-0.209088383
2	0.778440944	0.606542262	-0.220824306
1.995	0.755987104	0.607447354	-0.196484503
1	0.785653499	0.607544101	-0.226702227
1	0.761897938	0.608607339	-0.201195713
1	0.779303328	0.611276232	-0.215611932
1	0.768282598	0.613875829	-0.200976527
1.001	0.753380516	0.614795436	-0.183950974
2	0.775226454	0.61613796	-0.205215512
1	0.788730886	0.617968557	-0.216502653
0.003	0.767496361	0.619135555	-0.193304899
0.963	0.77941437	0.619974294	-0.204563942
1.994	0.712746737	0.624583955	NA
1	0.763775507	0.624897424	-0.181831024
2	0.78607999	0.624959154	-0.204967481
1.001	0.800744166	0.625417469	-0.218954698
1	0.8024059	0.627027037	-0.218566269
1	0.773538383	0.629616626	-0.186056388
2	0.76366576	0.630617758	-0.174222819
1	0.790725697	0.632256383	-0.20040997
1	0.797360988	0.632278829	-0.207035662
1	0.724766625	0.632948331	-0.126686704
1	0.784063392	0.633053211	-0.192599453
0.939	0.776191271	0.633207913	-0.184211499
1	0.784822888	0.634400935	-0.191663565
1.002	0.795503681	0.634967353	-0.201804633
1	0.798674032	0.635207965	-0.204671819
1.987	0.795191047	0.63542035	-0.200921146
2	0.772289358	0.637145109	-0.174991727
1	0.794769463	0.638166088	-0.197042517
1	0.739916987	0.640377654	-0.134527703
1	0.783891607	0.640492522	-0.182932288
1	0.787222004	0.642634449	-0.183668081
1	0.777324734	0.642658843	-0.173242772
2	0.788761526	0.642886052	-0.184942431
2	0.735228188	0.643321996	-0.12500363
0.973	0.793844521	0.644271684	-0.188415783
1	0.773303506	0.64456156	-0.166483075
1	0.744753096	0.644742143	-0.134287395
1	0.778059931	0.644961718	-0.171064217
1	0.776275879	0.646223847	-0.167533264
0.95	0.791009035	0.647210721	-0.181790989
1.89	0.751550831	0.647771885	-0.138086397
1	0.776907845	0.648909566	-0.16475349
1	0.76982457	0.649669883	-0.156080609
2	0.781060827	0.65038716	-0.167302804
1	0.781909334	0.65079262	-0.167687874
1	0.808742773	0.651867795	-0.193973885
1	0.767271362	0.652210301	-0.149961365
2	0.766162668	0.652446638	-0.148422828
1	0.779301632	0.652541666	-0.162658412
2	0.772110785	0.652754981	-0.15458378
1.058	0.782703005	0.653023768	-0.165681282
1	0.769923664	0.654190506	-0.150317705
1	0.77426413	0.654975302	-0.154067357
1	0.793058394	0.65668465	-0.171959272
0.947	0.773448181	0.656697873	-0.150947809
0.999	0.766002255	0.656734286	-0.142647059
1.999	0.780121	0.657511489	-0.157167299
1	0.748854444	0.658593224	-0.120532396
0.015	0.748063781	0.658617673	-0.119570164
1	0.799454017	0.659386036	-0.175204549
1	0.800366891	0.659898647	-0.175504816
0	0.759959368	0.660958919	-0.130270713
1.999	0.795636674	0.661224566	-0.168936542
1	0.784519903	0.664282382	-0.15326255
1	0.775787831	0.66650681	-0.140864572
1	0.777012168	0.668639726	-0.139473288
1	0.769300419	0.67082161	-0.12801086
1	0.776673903	0.671312517	-0.135657173
1	0.789209503	0.674474054	-0.145380217
1.003	0.786432705	0.674499195	-0.142330691
0.85	0.789653451	0.675003507	-0.145190201
1	0.788185536	0.675179437	-0.143374998
0.001	0.767150351	0.67576366	-0.119124877
1	0.801529812	0.675990185	-0.156625025
1	0.790447528	0.677430844	-0.142978098
1	0.80606601	0.67839875	-0.158383134
0.998	0.793627851	0.678513792	-0.145047908
1	0.772022959	0.679336336	-0.120056823
0.999	0.773217433	0.680135716	-0.120382331
0.995	0.786893755	0.681227423	-0.134282845
1.001	0.82149182	0.681470109	-0.170448089
0.998	0.771421649	0.681673057	-0.116341811
0	0.800742714	0.683385167	-0.146560867
1.004	0.802746482	0.684511324	-0.147288292
0	0.762292225	0.684859314	-0.101579039
1	0.782940298	0.684894306	-0.12522793
1	0.769910611	0.684936245	-0.110369131
0	0.781854578	0.686135855	-0.122425226
0.982	0.799897823	0.686535933	-0.141720463
1	0.783654096	0.688036834	-0.122014627
0.001	0.79883423	0.688452592	-0.138178403
2	0.775314517	0.689061477	-0.111249097
1	0.789205493	0.689552967	-0.126269428
1.001	0.800993359	0.689708507	-0.13893355
0	0.761922724	0.691577635	-0.092325753
1	0.788547214	0.692569046	-0.121715182
1	0.785841408	0.693651061	-0.117314188
0	0.792259071	0.693673262	-0.124436328
0	0.784853065	0.694113504	-0.115613437
0.999	0.810967501	0.695892102	-0.141898903
0	0.793478648	0.695979284	-0.122875851
0.001	0.792377162	0.696556446	-0.120928164
0.001	0.781556031	0.69719728	-0.107936921
0.001	0.779387474	0.697221927	-0.105423232
0	0.757928606	0.697730663	-0.079424293
0.994	0.789126438	0.700752873	-0.111989107
0.999	0.795956992	0.70119869	-0.119049525
0.001	0.794723914	0.70176642	-0.116968285
0	0.774415965	0.701826699	-0.093734206
1	0.801960237	0.702074176	-0.124552386
0.981	0.794515771	0.702959975	-0.115234712
0.005	0.794194841	0.703380604	-0.114347553
0.001	0.794417892	0.703402369	-0.114568824
0	0.78063888	0.705035926	-0.096847538
0.001	0.75718829	0.705124073	-0.068759934
0	0.792880697	0.705341244	-0.110406841
0	0.752796479	0.707284971	-0.060456589
0	0.816491632	0.707423166	-0.133581854
1	0.789916912	0.707767995	-0.103996909
1.001	0.787024486	0.708000716	-0.100408274
1.141	0.783190808	0.708042666	-0.095951256
0.001	0.796618783	0.708441226	-0.110689779
1	0.767659433	0.709543152	-0.075705813
0	0.765746839	0.709708493	-0.073181296
0.004	0.789870253	0.71063823	-0.100310174
0	0.7838809	0.711800701	-0.091952998
0	0.795414834	0.712183734	-0.104638606
0	0.783754508	0.712839238	-0.090481483
0	0.776876628	0.713495579	-0.081584446
1	0.783636623	0.714738965	-0.087920415
0.044	0.764864123	0.715376346	-0.064701396
0.014	0.775684645	0.715505396	-0.077582107
0	0.787963454	0.715537965	-0.091914782
0	0.772989949	0.716123509	-0.073566855
0	0.796509245	0.717253618	-0.099503713
0.002	0.779879505	0.718945285	-0.078132866
0	0.76976852	0.719379292	-0.065460235
0.999	0.789199231	0.719504623	-0.088310537
0	0.810402905	0.723620801	-0.107085134
0	0.78283903	0.724083611	-0.075054279
0	0.795137377	0.724301552	-0.089086273
0	0.78180545	0.726585277	-0.070631604
0.001	0.80488573	0.726648742	-0.097202603
0.001	0.773576409	0.72749528	-0.059568943
0	0.805589378	0.727841536	-0.09651051
0.001	0.77595219	0.72844652	-0.06122242
1.001	0.827704471	0.729628753	-0.118491227
1.002	0.801147775	0.734428275	-0.083279892
0	0.801161252	0.734728542	-0.082920522
0.002	0.779797807	0.734830356	-0.057665526
1	0.784516077	0.735685376	-0.062243086
0.009	0.796859499	0.735880022	-0.076524754
0.977	0.793010588	0.737072243	-0.070539215
0	0.776233156	0.739521893	-0.047294118
0	0.783585542	0.7400343	-0.055579436
0	0.801098788	0.741689945	-0.074159197
0.001	0.79917423	0.744870637	-0.06794963
0	0.784695606	0.747557174	-0.047328457
2	0.789059649	0.750427375	NA
0.098	0.772821759	0.751758457	-0.027255057
0.003	0.805302261	0.751924311	-0.066283125
0	0.761694523	0.752660867	-0.011859946
0	0.792509577	0.754148149	-0.048405002
0	0.777886644	0.755483979	-0.028799395
2	0.769303482	0.755943769	-0.017365985
1	0.791992415	0.759689364	-0.040787071
0.003	0.807063432	0.760300981	-0.057941481
0	0.778623075	0.762500626	-0.020706359
0.002	0.791058269	0.763246008	-0.035158296
0	0.790086944	0.764728063	-0.032096317
0.008	0.810934515	0.766516851	-0.054773429
0.001	0.793066416	0.769914499	-0.029192911
0.003	0.778281546	0.773142457	-0.006603123
0	0.787858656	0.776854177	-0.013967581
0	0.80276678	0.781229592	-0.026828698
