phe_id	phe_chr	phe_from	phe_to	var_id	var_chr	var_from	cpg.p	cpg.beta	cpg.se	rsid	r2
cg17462560	5	77814503	77814552	5:77562905:C:G	5	77562905	0.0164856	-0.0252122	0.0104175	rs10035369	0.018
cg17462560	5	77814503	77814552	5:77563176:A:G	5	77563176	0.0164805	-0.0252137	0.0104177	rs10059031	0.018
cg17462560	5	77814503	77814552	5:77563263:G:A	5	77563263	0.0267128	-0.0227901	0.0102032	rs10065892	0.024
cg17462560	5	77814503	77814552	5:77564571:A:G	5	77564571	0.201791	-0.0119208	0.00930552	rs10474534	0.028
cg17462560	5	77814503	77814552	5:77564787:T:C	5	77564787	0.106049	-0.0151068	0.00930121	rs10474535	0.031
cg17462560	5	77814503	77814552	5:77564963:T:C	5	77564963	0.0164851	-0.025212	0.0104174	rs10474536	0.018
cg17462560	5	77814503	77814552	5:77565807:C:G	5	77565807	0.0164777	-0.025215	0.0104179	rs10037175	0.018
cg17462560	5	77814503	77814552	5:77566329:G:T	5	77566329	0.0215991	-0.0245325	0.0105876	rs10474537	0.018
cg17462560	5	77814503	77814552	5:77566335:C:T	5	77566335	0.021652	-0.0245229	0.0105878	rs10474538	0.018
cg17462560	5	77814503	77814552	5:77566739:C:T	5	77566739	0.0164973	-0.0252114	0.0104183	rs9293736	0.018
cg17462560	5	77814503	77814552	5:77566858:A:G	5	77566858	0.0164997	-0.025211	0.0104184	rs9293737	0.018
cg17462560	5	77814503	77814552	5:77567514:C:T	5	77567514	0.0164996	-0.0252108	0.0104183	rs10038660	0.018
cg17462560	5	77814503	77814552	5:77567860:T:C	5	77567860	0.0165418	-0.0252056	0.0104203	rs10042151	0.018
cg17462560	5	77814503	77814552	5:77569372:G:A	5	77569372	0.0078904	-0.0286102	0.0106512	rs13158128	0.05
cg17462560	5	77814503	77814552	5:77569746:A:T	5	77569746	0.0078802	-0.0286131	0.0106504	rs34900994	0.05
cg17462560	5	77814503	77814552	5:77570528:A:C	5	77570528	0.00788328	-0.0286112	0.0106503	rs7731739	0.05
cg17462560	5	77814503	77814552	5:77570653:G:C	5	77570653	0.0124625	-0.0258122	0.0102283	rs13163836	0.051
cg17462560	5	77814503	77814552	5:77571318:T:G	5	77571318	0.0983726	0.0282095	0.0169812	rs56037162	0
cg17462560	5	77814503	77814552	5:77571663:T:C	5	77571663	0.00787398	-0.0286135	0.0106495	rs28701547	0.05
cg17462560	5	77814503	77814552	5:77571823:A:G	5	77571823	0.00787568	-0.0286134	0.0106498	rs13190221	0.05
cg17462560	5	77814503	77814552	5:77572367:A:G	5	77572367	0.0124638	-0.0258094	0.0102274	rs10067031	0.051
cg17462560	5	77814503	77814552	5:77572439:C:A	5	77572439	0.00786849	-0.0286148	0.0106491	rs10059285	0.05
cg17462560	5	77814503	77814552	5:77572455:G:A	5	77572455	0.50058	0.00745639	0.011048	rs111979689	0
cg17462560	5	77814503	77814552	5:77572536:A:C	5	77572536	0.00624705	-0.0295011	0.0106642	rs10067151	0.05
cg17462560	5	77814503	77814552	5:77572595:A:T	5	77572595	0.00787061	-0.0286137	0.010649	rs10067204	0.05
cg17462560	5	77814503	77814552	5:77573015:G:C	5	77573015	0.00787391	-0.0286117	0.0106488	rs13178954	0.05
cg17462560	5	77814503	77814552	5:77573314:C:G	5	77573314	0.00787232	-0.0286131	0.0106491	rs35233907	0.05
cg17462560	5	77814503	77814552	5:77574504:G:A	5	77574504	0.00500227	0.0633935	0.0223128	rs62364494	0.121
cg17462560	5	77814503	77814552	5:77575013:C:G	5	77575013	0.00789709	-0.0286051	0.0106504	rs7700372	0.05
cg17462560	5	77814503	77814552	5:77575016:G:A	5	77575016	0.786432	0.00300785	0.0110851	rs60661646	0
cg17462560	5	77814503	77814552	5:77575025:T:G	5	77575025	0.00757841	-0.0288135	0.0106713	rs7723810	0.05
cg17462560	5	77814503	77814552	5:77575136:T:A	5	77575136	0.0496606	-0.0178026	0.00900985	rs7723973	0.05
cg17462560	5	77814503	77814552	5:77575150:C:T	5	77575150	0.00788224	-0.0286049	0.0106478	rs7700552	0.05
cg17462560	5	77814503	77814552	5:77575379:A:G	5	77575379	0.00758056	-0.0288065	0.010669	rs13172957	0.05
cg17462560	5	77814503	77814552	5:77575508:A:G	5	77575508	0.00788609	-0.0286036	0.010648	rs13173098	0.05
cg17462560	5	77814503	77814552	5:77575846:G:A	5	77575846	0.00788105	-0.028605	0.0106476	rs13153137	0.05
cg17462560	5	77814503	77814552	5:77576430:G:C	5	77576430	0.00788319	-0.0286039	0.0106475	rs13157785	0.05
cg17462560	5	77814503	77814552	5:77576687:C:T	5	77576687	0.00788533	-0.0286027	0.0106475	rs10068036	0.05
cg17462560	5	77814503	77814552	5:77576784:T:C	5	77576784	0.00788533	-0.0286027	0.0106475	rs10077229	0.05
cg17462560	5	77814503	77814552	5:77577016:T:C	5	77577016	0.0078866	-0.0285998	0.0106466	rs10078877	0.05
cg17462560	5	77814503	77814552	5:77577131:A:G	5	77577131	0.00789939	-0.0286518	0.0106682	rs10077283	0.05
cg17462560	5	77814503	77814552	5:77577207:A:G	5	77577207	0.00788874	-0.0285987	0.0106466	rs10942843	0.05
cg17462560	5	77814503	77814552	5:77577478:T:C	5	77577478	0.00789186	-0.0285968	0.0106464	rs13187993	0.05
cg17462560	5	77814503	77814552	5:77577706:G:A	5	77577706	0.0078857	-0.0286012	0.010647	rs13163558	0.05
cg17462560	5	77814503	77814552	5:77578329:C:A	5	77578329	0.809828	0.00266204	0.011046	rs57209840	0
cg17462560	5	77814503	77814552	5:77578393:T:C	5	77578393	0.00787944	-0.0286027	0.0106464	rs10070215	0.05
cg17462560	5	77814503	77814552	5:77578488:G:A	5	77578488	0.00787964	-0.0286024	0.0106464	rs10075336	0.05
cg17462560	5	77814503	77814552	5:77579205:C:T	5	77579205	0.0474833	-0.0179296	0.00898584	rs10062813	0.05
cg17462560	5	77814503	77814552	5:77579287:C:G	5	77579287	0.00788295	-0.0286027	0.0106471	rs10062875	0.05
cg17462560	5	77814503	77814552	5:77579937:T:C	5	77579937	0.977396	0.000574685	0.0202548	rs115715159	0
cg17462560	5	77814503	77814552	5:77580081:T:C	5	77580081	0.00788361	-0.0286001	0.0106462	rs10074129	0.05
cg17462560	5	77814503	77814552	5:77580089:T:C	5	77580089	0.00788361	-0.0286001	0.0106462	rs10074131	0.05
cg17462560	5	77814503	77814552	5:77580904:T:A	5	77580904	0.00789216	-0.0285996	0.0106475	rs13180053	0.05
cg17462560	5	77814503	77814552	5:77580920:A:C	5	77580920	0.00788162	-0.0286013	0.0106463	rs13175926	0.05
cg17462560	5	77814503	77814552	5:77581174:C:A	5	77581174	0.0124796	-0.0257972	0.0102244	rs12656367	NA
cg17462560	5	77814503	77814552	5:77581888:T:C	5	77581888	0.00788675	-0.0285992	0.0106464	rs7732857	0.05
cg17462560	5	77814503	77814552	5:77582213:T:C	5	77582213	0.815609	0.00257874	0.0110424	rs56156114	0
cg17462560	5	77814503	77814552	5:77582309:C:T	5	77582309	0.0124985	-0.0258048	0.0102297	rs6453381	0.051
cg17462560	5	77814503	77814552	5:77582319:A:G	5	77582319	0.0474594	-0.0179442	0.00899216	rs6890120	0.05
cg17462560	5	77814503	77814552	5:77582425:C:A	5	77582425	0.781031	0.00304572	0.0109407	rs6869559	0.001
cg17462560	5	77814503	77814552	5:77582571:G:T	5	77582571	0.0474046	-0.0179371	0.00898636	rs4593248	0.05
cg17462560	5	77814503	77814552	5:77582838:A:C	5	77582838	0.0474071	-0.0179371	0.00898647	rs10805918	0.05
cg17462560	5	77814503	77814552	5:77583245:G:C	5	77583245	0.00828317	-0.0284337	0.0106526	rs10055744	0.052
cg17462560	5	77814503	77814552	5:77583690:A:T	5	77583690	0.00789401	-0.0285959	0.0106465	rs13188053	0.05
cg17462560	5	77814503	77814552	5:77583726:A:G	5	77583726	0.00789401	-0.0285959	0.0106465	rs12189441	0.05
cg17462560	5	77814503	77814552	5:77583780:G:A	5	77583780	0.0473863	-0.0179398	0.00898693	rs6874704	0.05
cg17462560	5	77814503	77814552	5:77583792:A:T	5	77583792	0.00786859	-0.0286118	0.0106479	rs13188233	0.05
cg17462560	5	77814503	77814552	5:77584028:C:T	5	77584028	0.00777177	-0.028668	0.0106518	rs12188788	0.05
cg17462560	5	77814503	77814552	5:77584151:A:C	5	77584151	0.00776414	-0.0286737	0.0106526	rs12186414	0.05
cg17462560	5	77814503	77814552	5:77584430:G:A	5	77584430	0.00771588	-0.0287022	0.0106546	rs10058022	0.05
cg17462560	5	77814503	77814552	5:77584585:C:T	5	77584585	0.00770779	-0.0287081	0.0106554	rs10073614	0.05
cg17462560	5	77814503	77814552	5:77584685:A:C	5	77584685	0.430814	0.0128802	0.0163136	rs78814590	0.002
cg17462560	5	77814503	77814552	5:77584890:G:T	5	77584890	0.00766597	-0.0287379	0.010659	rs10059828	0.05
cg17462560	5	77814503	77814552	5:77585863:C:G	5	77585863	0.00742808	-0.028888	0.0106715	rs4386716	0.05
cg17462560	5	77814503	77814552	5:77586047:A:G	5	77586047	0.00735068	-0.0289368	0.0106752	rs7712595	0.05
cg17462560	5	77814503	77814552	5:77586206:C:G	5	77586206	0.00730072	-0.0289694	0.010678	rs13183807	0.05
cg17462560	5	77814503	77814552	5:77586507:A:G	5	77586507	0.00727185	-0.0289873	0.0106792	rs10055479	0.05
cg17462560	5	77814503	77814552	5:77586701:A:G	5	77586701	0.00724451	-0.0290072	0.0106814	rs10055610	0.05
cg17462560	5	77814503	77814552	5:77586863:C:A	5	77586863	0.00721841	-0.0290236	0.0106826	rs11749937	NA
cg17462560	5	77814503	77814552	5:77586884:G:A	5	77586884	0.00720535	-0.0290318	0.0106832	rs28535505	0.05
cg17462560	5	77814503	77814552	5:77587317:T:C	5	77587317	0.00715777	-0.0290602	0.0106846	rs7722272	0.05
cg17462560	5	77814503	77814552	5:77587806:T:C	5	77587806	0.00707331	-0.0291201	0.0106906	rs13175678	0.05
cg17462560	5	77814503	77814552	5:77588023:C:T	5	77588023	0.00701797	-0.0291503	0.0106911	rs10070577	0.05
cg17462560	5	77814503	77814552	5:77588341:T:C	5	77588341	0.81548	0.00258479	0.0110604	rs56175514	0
cg17462560	5	77814503	77814552	5:77588467:T:G	5	77588467	0.81537	0.00258642	0.0110607	rs56102400	0
cg17462560	5	77814503	77814552	5:77588881:T:G	5	77588881	0.77131	0.00322641	0.0110839	rs11948588	0
cg17462560	5	77814503	77814552	5:77588951:C:A	5	77588951	0.00681908	-0.0292843	0.0107015	rs13171025	0.05
cg17462560	5	77814503	77814552	5:77589072:G:A	5	77589072	0.00675579	-0.0293202	0.0107022	rs12152966	0.05
cg17462560	5	77814503	77814552	5:77590009:G:C	5	77590009	0.00665869	-0.0293849	0.0107064	rs7722658	0.05
cg17462560	5	77814503	77814552	5:77592924:T:C	5	77592924	0.644613	0.00512657	0.011096	rs10805919	0
cg17462560	5	77814503	77814552	5:77593069:A:G	5	77593069	0.0450605	-0.0183738	0.00910565	rs7721677	0.056
cg17462560	5	77814503	77814552	5:77594010:C:T	5	77594010	0.00545809	-0.0293012	0.0104202	rs10053192	0.058
cg17462560	5	77814503	77814552	5:77595180:T:C	5	77595180	0.00528387	-0.0294328	0.0104267	rs12697878	0.058
cg17462560	5	77814503	77814552	5:77596801:G:A	5	77596801	0.0664941	-0.0166195	0.00900282	rs4407616	0.06
cg17462560	5	77814503	77814552	5:77596818:T:C	5	77596818	0.00513789	-0.0295507	0.0104338	rs10067384	0.058
cg17462560	5	77814503	77814552	5:77597036:T:C	5	77597036	0.0430837	-0.01854	0.00910169	rs10474539	0.053
cg17462560	5	77814503	77814552	5:77597124:A:G	5	77597124	0.675938	0.00471112	0.0112523	rs12519273	0
cg17462560	5	77814503	77814552	5:77597209:C:A	5	77597209	0.00792892	-0.0270599	0.0100804	rs10474540	NA
cg17462560	5	77814503	77814552	5:77597553:T:C	5	77597553	0.0425254	-0.0185872	0.00910009	rs4398619	0.053
cg17462560	5	77814503	77814552	5:77597903:A:C	5	77597903	0.0421935	-0.0186166	0.00909968	rs10058114	0.056
cg17462560	5	77814503	77814552	5:77597974:A:G	5	77597974	0.0422707	-0.018609	0.00909941	rs10058178	0.056
cg17462560	5	77814503	77814552	5:77598420:C:T	5	77598420	0.0145737	-0.0258698	0.01049	rs35525041	0.055
cg17462560	5	77814503	77814552	5:77598442:C:T	5	77598442	0.0420962	-0.0186238	0.00909884	rs13153817	0.056
cg17462560	5	77814503	77814552	5:77598734:T:A	5	77598734	0.00761992	-0.0272136	0.0100858	rs9790944	0.059
cg17462560	5	77814503	77814552	5:77598854:C:T	5	77598854	0.00759394	-0.0272264	0.0100861	rs9790855	0.056
cg17462560	5	77814503	77814552	5:77599957:T:A	5	77599957	0.971629	0.000383028	0.010755	rs57400528	0
cg17462560	5	77814503	77814552	5:77600347:A:C	5	77600347	0.0989756	-0.0149807	0.00903415	rs9293739	0.058
cg17462560	5	77814503	77814552	5:77601252:C:T	5	77601252	0.174779	0.0235911	0.0173175	rs79492803	0.005
cg17462560	5	77814503	77814552	5:77602404:A:G	5	77602404	0.110842	-0.0144266	0.00900464	rs10067018	0.058
cg17462560	5	77814503	77814552	5:77602470:A:C	5	77602470	0.112511	-0.014307	0.00897202	rs55781128	0.067
cg17462560	5	77814503	77814552	5:77605192:A:G	5	77605192	0.0570778	-0.0174518	0.0091145	rs6880129	0.06
cg17462560	5	77814503	77814552	5:77606215:A:G	5	77606215	0.0556941	-0.0175522	0.00911509	rs4572979	0.06
cg17462560	5	77814503	77814552	5:77607107:G:C	5	77607107	0.0496743	-0.0179987	0.00910967	rs6869326	0.046
cg17462560	5	77814503	77814552	5:77607488:C:T	5	77607488	0.0578536	-0.0172195	0.00902148	rs10042296	0.043
cg17462560	5	77814503	77814552	5:77607962:G:C	5	77607962	0.0485519	-0.0180864	0.00910832	rs13187152	0.046
cg17462560	5	77814503	77814552	5:77610169:C:T	5	77610169	0.0465727	-0.0182365	0.00910157	rs10068934	0.046
cg17462560	5	77814503	77814552	5:77610900:T:G	5	77610900	0.0500181	-0.0179571	0.00910242	rs12523567	0.053
cg17462560	5	77814503	77814552	5:77611083:G:C	5	77611083	0.0493046	-0.0180165	0.00910372	rs13165622	0.053
cg17462560	5	77814503	77814552	5:77611268:G:T	5	77611268	0.0484509	-0.0180881	0.00910507	rs10055505	0.053
cg17462560	5	77814503	77814552	5:77612246:A:G	5	77612246	0.0428187	-0.0185634	0.00910143	rs9293740	0.046
cg17462560	5	77814503	77814552	5:77612795:T:A	5	77612795	0.0417144	-0.0186645	0.00910154	rs7706370	0.046
cg17462560	5	77814503	77814552	5:77614307:T:A	5	77614307	0.0862039	-0.0159416	0.00924143	rs9283794	0.089
cg17462560	5	77814503	77814552	5:77615011:A:G	5	77615011	0.139442	-0.0133495	0.00899383	rs6877015	0.068
cg17462560	5	77814503	77814552	5:77615535:T:A	5	77615535	0.136826	-0.0135119	0.00904267	rs6882259	0.077
cg17462560	5	77814503	77814552	5:77616217:A:G	5	77616217	0.146177	-0.0131199	0.00899029	rs13175253	0.073
cg17462560	5	77814503	77814552	5:77616951:A:C	5	77616951	0.144694	-0.0130742	0.00892586	rs7727630	0.064
cg17462560	5	77814503	77814552	5:77617159:G:A	5	77617159	0.164751	-0.0123147	0.00882886	rs4348192	0.057
cg17462560	5	77814503	77814552	5:77618602:A:G	5	77618602	0.128893	-0.0135512	0.0088841	rs10428534	0.055
cg17462560	5	77814503	77814552	5:77619376:A:G	5	77619376	0.12755	-0.0136973	0.00894817	rs9885073	0.063
cg17462560	5	77814503	77814552	5:77620683:G:A	5	77620683	0.170198	-0.0121719	0.00883973	rs4704494	0.061
cg17462560	5	77814503	77814552	5:77621049:G:A	5	77621049	0.142431	-0.013127	0.0089111	rs12518526	0.061
cg17462560	5	77814503	77814552	5:77621460:T:C	5	77621460	0.180893	-0.0120104	0.0089423	rs7725570	0.055
cg17462560	5	77814503	77814552	5:77621739:A:G	5	77621739	0.133526	-0.0132997	0.0088253	rs7721903	0.064
cg17462560	5	77814503	77814552	5:77621877:G:A	5	77621877	0.133526	-0.0132997	0.0088253	rs7705433	0.064
cg17462560	5	77814503	77814552	5:77622868:A:G	5	77622868	0.0158154	-0.0260881	0.0107107	rs7356739	0.046
cg17462560	5	77814503	77814552	5:77624014:T:A	5	77624014	0.141138	-0.0130072	0.008801	rs9293741	0.061
cg17462560	5	77814503	77814552	5:77624910:T:C	5	77624910	0.0618924	0.0169017	0.00899737	rs4704495	0.001
cg17462560	5	77814503	77814552	5:77624948:C:T	5	77624948	0.854197	0.00206403	0.0112161	rs4704496	0.001
cg17462560	5	77814503	77814552	5:77625418:G:C	5	77625418	0.00197471	0.0393796	0.0125451	rs7722152	0
cg17462560	5	77814503	77814552	5:77625504:G:A	5	77625504	0.0409957	-0.0184048	0.00894288	rs10074125	0.001
cg17462560	5	77814503	77814552	5:77626563:T:C	5	77626563	0.000368219	0.0458224	0.0126259	rs9791075	0.001
cg17462560	5	77814503	77814552	5:77626629:T:A	5	77626629	0.000368239	0.0458225	0.012626	rs9791076	0.001
cg17462560	5	77814503	77814552	5:77626757:T:C	5	77626757	0.877013	-0.00169748	0.0109534	rs10071214	0
cg17462560	5	77814503	77814552	5:77627324:G:A	5	77627324	0.0335685	-0.019154	0.00894517	rs13185436	0.001
cg17462560	5	77814503	77814552	5:77627771:T:C	5	77627771	0.566582	0.0157232	0.0273863	rs4308463	0
cg17462560	5	77814503	77814552	5:77627781:A:T	5	77627781	0.56623	0.0157336	0.0273795	rs4516834	0
cg17462560	5	77814503	77814552	5:77627814:C:T	5	77627814	0.565789	0.0157478	0.027373	rs4999066	0
cg17462560	5	77814503	77814552	5:77627949:G:T	5	77627949	0.565558	0.0157491	0.0273589	rs4999068	0
cg17462560	5	77814503	77814552	5:77628035:T:C	5	77628035	0.564892	0.0157682	0.0273452	rs4999069	0
cg17462560	5	77814503	77814552	5:77628172:T:G	5	77628172	0.562956	0.0158243	0.0273064	rs34595926	0
cg17462560	5	77814503	77814552	5:77628271:G:A	5	77628271	0.562104	0.0158468	0.0272857	rs13162399	0
cg17462560	5	77814503	77814552	5:77628528:T:C	5	77628528	0.561618	0.0158475	0.0272531	rs55836881	NA
cg17462560	5	77814503	77814552	5:77628612:G:A	5	77628612	0.622099	-0.0110076	0.0222956	rs13162887	0
cg17462560	5	77814503	77814552	5:77628651:G:T	5	77628651	0.560435	0.0158793	0.0272252	rs13162900	0
cg17462560	5	77814503	77814552	5:77628734:A:G	5	77628734	0.560369	0.0158778	0.0272181	rs9293742	0
cg17462560	5	77814503	77814552	5:77628753:T:G	5	77628753	0.560261	0.0158793	0.0272132	rs9293743	0
cg17462560	5	77814503	77814552	5:77629094:C:G	5	77629094	0.640439	0.0122369	0.026155	rs4521453	0
cg17462560	5	77814503	77814552	5:77629452:A:G	5	77629452	0.631927	-0.0047374	0.00987335	rs13188625	0.033
cg17462560	5	77814503	77814552	5:77629897:C:G	5	77629897	0.639474	0.0122119	0.0260264	rs4704497	0
cg17462560	5	77814503	77814552	5:77629933:G:T	5	77629933	0.638931	0.0122256	0.0260134	rs4704498	0
cg17462560	5	77814503	77814552	5:77630008:C:T	5	77630008	0.638817	0.0122256	0.0260046	rs4704499	0
cg17462560	5	77814503	77814552	5:77630013:T:C	5	77630013	0.638546	0.0122324	0.0259981	rs4704500	0
cg17462560	5	77814503	77814552	5:77630298:T:C	5	77630298	0.637233	0.012425	0.0263043	rs4704501	0
cg17462560	5	77814503	77814552	5:77630303:C:T	5	77630303	0.637233	0.012425	0.0263043	rs4704502	0
cg17462560	5	77814503	77814552	5:77630324:A:G	5	77630324	0.637134	0.0124297	0.0263066	rs6862347	NA
cg17462560	5	77814503	77814552	5:77630670:G:A	5	77630670	0.637027	0.0124337	0.0263067	rs4345302	0
cg17462560	5	77814503	77814552	5:77630854:G:A	5	77630854	0.0474165	-0.0181638	0.00910043	rs6881634	0.002
cg17462560	5	77814503	77814552	5:77631191:G:A	5	77631191	0.638118	0.0122513	0.026005	rs4346756	0
cg17462560	5	77814503	77814552	5:77631238:A:G	5	77631238	0.638118	0.0122513	0.026005	rs4587065	0
cg17462560	5	77814503	77814552	5:77631634:A:G	5	77631634	0.642149	-0.00506138	0.0108738	rs4588572	0.001
cg17462560	5	77814503	77814552	5:77632907:G:A	5	77632907	0.637488	0.0122775	0.0260117	rs10079463	0
cg17462560	5	77814503	77814552	5:77632987:A:C	5	77632987	0.6372	0.0122891	0.026014	rs10072725	0
cg17462560	5	77814503	77814552	5:77633074:G:A	5	77633074	0.819435	-0.00249041	0.0108943	rs10079577	0.001
cg17462560	5	77814503	77814552	5:77634236:G:A	5	77634236	0.820111	-0.0024812	0.0108955	rs72778243	0.001
cg17462560	5	77814503	77814552	5:77635720:T:G	5	77635720	0.635543	0.012357	0.0260297	rs4348193	NA
cg17462560	5	77814503	77814552	5:77636373:G:A	5	77636373	0.635158	0.0123732	0.0260341	rs10056115	0
cg17462560	5	77814503	77814552	5:77636680:C:T	5	77636680	0.000379811	0.045553	0.0125815	rs61212394	0.001
cg17462560	5	77814503	77814552	5:77636732:T:C	5	77636732	2.36E-05	0.060009	0.0138311	rs13154903	0.338
cg17462560	5	77814503	77814552	5:77637023:T:C	5	77637023	0.942821	-0.000723078	0.0100675	rs9293744	0.033
cg17462560	5	77814503	77814552	5:77639022:A:C	5	77639022	0.000379151	0.0455169	0.0125698	rs12658348	0.001
cg17462560	5	77814503	77814552	5:77639530:A:G	5	77639530	0.552048	0.0161376	0.0270861	rs4455540	0
cg17462560	5	77814503	77814552	5:77639605:G:T	5	77639605	0.000331611	0.0457284	0.0125005	rs4455545	0.001
cg17462560	5	77814503	77814552	5:77640190:T:C	5	77640190	0.812496	-0.00221456	0.00932259	rs11749979	0.042
cg17462560	5	77814503	77814552	5:77640585:C:G	5	77640585	0.7037	-0.00408605	0.0107267	rs10069130	0
cg17462560	5	77814503	77814552	5:77641008:T:C	5	77641008	0.612733	-0.00544316	0.0107352	rs9800418	0.001
cg17462560	5	77814503	77814552	5:77642335:C:T	5	77642335	0.550438	0.0162019	0.0270841	rs5016289	0
cg17462560	5	77814503	77814552	5:77642527:G:A	5	77642527	0.914725	0.00109995	0.010258	rs13171474	0.039
cg17462560	5	77814503	77814552	5:77644512:G:A	5	77644512	0.790644	0.00277822	0.0104499	rs4235706	0.001
cg17462560	5	77814503	77814552	5:77645045:C:T	5	77645045	0.000273922	0.0632111	0.017036	rs62362576	0.233
cg17462560	5	77814503	77814552	5:77645265:G:T	5	77645265	1.77E-12	0.071767	0.0094838	rs4452540	0.275
cg17462560	5	77814503	77814552	5:77645358:G:A	5	77645358	0.00660023	0.0251863	0.00916657	rs4605770	0.032
cg17462560	5	77814503	77814552	5:77645784:T:C	5	77645784	0.909962	-0.00114779	0.0101357	rs7722126	0.001
cg17462560	5	77814503	77814552	5:77646075:G:A	5	77646075	0.908349	-0.00116833	0.0101347	rs9293745	0.002
cg17462560	5	77814503	77814552	5:77646176:C:G	5	77646176	0.00478278	0.0261872	0.00916902	rs10942847	0.039
cg17462560	5	77814503	77814552	5:77646503:A:G	5	77646503	0.00620635	0.0252158	0.00910782	rs4371732	0.037
cg17462560	5	77814503	77814552	5:77647720:A:G	5	77647720	0.00605633	0.0252635	0.00909778	rs4377693	0.037
cg17462560	5	77814503	77814552	5:77647764:A:C	5	77647764	0.00605482	0.0252647	0.00909795	rs4267850	0.037
cg17462560	5	77814503	77814552	5:77648297:G:A	5	77648297	0.000391945	-0.0398645	0.0110369	rs34514484	0.069
cg17462560	5	77814503	77814552	5:77648483:T:C	5	77648483	0.00470764	0.0262052	0.0091585	rs56225756	0.037
cg17462560	5	77814503	77814552	5:77648570:C:G	5	77648570	0.0274273	0.0390707	0.017575	rs72778250	0.014
cg17462560	5	77814503	77814552	5:77649128:C:T	5	77649128	0.673132	0.0119663	0.0283207	rs10076500	0
cg17462560	5	77814503	77814552	5:77649132:C:T	5	77649132	0.746748	0.00343607	0.0106243	rs111564222	0.004
cg17462560	5	77814503	77814552	5:77649630:A:G	5	77649630	0.673132	0.0119663	0.0283207	rs7711066	0
cg17462560	5	77814503	77814552	5:77649765:A:G	5	77649765	0.673132	0.0119663	0.0283207	rs7711238	0
cg17462560	5	77814503	77814552	5:77650021:T:G	5	77650021	1.01E-12	-0.0686465	0.00895907	rs12697880	0.283
cg17462560	5	77814503	77814552	5:77650171:A:G	5	77650171	0.673132	0.0119663	0.0283207	rs11740613	0
cg17462560	5	77814503	77814552	5:77650526:G:A	5	77650526	0.673132	0.0119663	0.0283207	rs10063507	0
cg17462560	5	77814503	77814552	5:77650713:C:T	5	77650713	0.673132	0.0119663	0.0283207	rs10079003	0
cg17462560	5	77814503	77814552	5:77652197:G:T	5	77652197	0.673249	0.0119617	0.0283205	rs10067580	0
cg17462560	5	77814503	77814552	5:77652346:C:T	5	77652346	1.74E-10	-0.0551957	0.00816125	rs10053035	0.287
cg17462560	5	77814503	77814552	5:77652457:T:C	5	77652457	0.879618	0.00158487	0.0104498	rs72760906	0.004
cg17462560	5	77814503	77814552	5:77654679:G:A	5	77654679	0.64706	0.0048629	0.0106037	rs3088102	0.003
cg17462560	5	77814503	77814552	5:77654827:G:T	5	77654827	0.673249	0.0119617	0.0283205	rs4704506	0
cg17462560	5	77814503	77814552	5:77656078:A:G	5	77656078	0.673249	0.0119617	0.0283205	rs4318759	0
cg17462560	5	77814503	77814552	5:77656112:A:C	5	77656112	2.60E-14	0.0739422	0.00893958	rs4530741	0.319
cg17462560	5	77814503	77814552	5:77656300:G:C	5	77656300	3.98E-14	0.0734236	0.00895249	rs4072852	0.306
cg17462560	5	77814503	77814552	5:77656402:G:C	5	77656402	0.64887	0.00483749	0.0106067	rs4072853	0.002
cg17462560	5	77814503	77814552	5:77656771:T:C	5	77656771	0.673249	0.0119617	0.0283205	rs4634329	0
cg17462560	5	77814503	77814552	5:77657891:C:T	5	77657891	1.79E-14	0.0727947	0.00873655	rs12652792	0.319
cg17462560	5	77814503	77814552	5:77657957:T:G	5	77657957	0.414791	0.00885373	0.0108324	rs4470742	0.004
cg17462560	5	77814503	77814552	5:77658606:C:T	5	77658606	0.231287	0.0359288	0.0299153	rs10942848	0.006
cg17462560	5	77814503	77814552	5:77658811:T:G	5	77658811	0.414668	0.00885576	0.010832	rs111942984	0.004
cg17462560	5	77814503	77814552	5:77659199:G:A	5	77659199	0.230859	0.0359596	0.0299133	rs7714860	0.006
cg17462560	5	77814503	77814552	5:77659725:G:A	5	77659725	1.66E-14	0.0728807	0.00873428	rs57409608	0.319
cg17462560	5	77814503	77814552	5:77660452:A:C	5	77660452	5.61E-13	-0.0622694	0.00802245	rs7703407	0.288
cg17462560	5	77814503	77814552	5:77660573:T:G	5	77660573	5.53E-13	-0.0620179	0.00798745	rs11955710	0.288
cg17462560	5	77814503	77814552	5:77661140:C:T	5	77661140	0.23116	0.035918	0.0298981	rs6453382	0.006
cg17462560	5	77814503	77814552	5:77662283:T:A	5	77662283	5.25E-13	-0.0620693	0.00798507	rs10072335	0.288
cg17462560	5	77814503	77814552	5:77662302:A:G	5	77662302	1.53E-14	0.0729724	0.00873093	rs11746881	0.319
cg17462560	5	77814503	77814552	5:77662375:A:G	5	77662375	1.53E-14	0.0729721	0.00873075	rs11746911	0.319
cg17462560	5	77814503	77814552	5:77662512:C:G	5	77662512	2.38E-14	0.072443	0.00874296	rs11743458	0.319
cg17462560	5	77814503	77814552	5:77663401:C:T	5	77663401	2.34E-14	0.0724614	0.00874222	rs12655833	0.319
cg17462560	5	77814503	77814552	5:77663436:C:A	5	77663436	5.20E-13	-0.0623429	0.00801863	rs10065260	0.288
cg17462560	5	77814503	77814552	5:77663671:A:G	5	77663671	2.30E-14	0.0724768	0.00874142	rs12658047	0.319
cg17462560	5	77814503	77814552	5:77663672:T:C	5	77663672	5.08E-13	-0.0620981	0.00798324	rs10074668	0.288
cg17462560	5	77814503	77814552	5:77663801:A:G	5	77663801	1.47E-14	0.0730143	0.00872918	rs57878665	0.319
cg17462560	5	77814503	77814552	5:77665120:G:A	5	77665120	1.42E-14	0.0730505	0.00872711	rs11739452	0.319
cg17462560	5	77814503	77814552	5:77665222:T:C	5	77665222	0.231693	0.035859	0.0298832	rs6894950	0.006
cg17462560	5	77814503	77814552	5:77666172:G:T	5	77666172	4.88E-13	-0.0623897	0.00801376	rs12186969	0.288
cg17462560	5	77814503	77814552	5:77666427:T:C	5	77666427	0.412128	0.00889929	0.0108261	rs34262593	0.004
cg17462560	5	77814503	77814552	5:77666822:T:C	5	77666822	4.76E-13	-0.0621689	0.00798124	rs10051174	0.281
cg17462560	5	77814503	77814552	5:77666991:G:T	5	77666991	0.231496	0.0358664	0.0298767	rs10057953	0.006
cg17462560	5	77814503	77814552	5:77668322:A:C	5	77668322	0.412029	0.00890168	0.0108267	rs35299318	0.004
cg17462560	5	77814503	77814552	5:77668698:G:T	5	77668698	0.412042	0.00890126	0.0108265	rs4305631	0.004
cg17462560	5	77814503	77814552	5:77669053:T:A	5	77669053	0.411939	0.00890289	0.0108261	rs10075726	0.004
cg17462560	5	77814503	77814552	5:77669593:A:G	5	77669593	0.231576	0.0358491	0.0298674	rs4235707	0.006
cg17462560	5	77814503	77814552	5:77670471:A:G	5	77670471	4.64E-13	-0.0624264	0.00800983	rs10076542	0.281
cg17462560	5	77814503	77814552	5:77670793:T:G	5	77670793	0.371416	0.00972173	0.01085	rs10078289	0.004
cg17462560	5	77814503	77814552	5:77671870:A:G	5	77671870	0.526062	-0.00662661	0.0104317	rs4590164	0.001
cg17462560	5	77814503	77814552	5:77671903:C:T	5	77671903	4.63E-15	0.0659323	0.00771004	rs4551047	0.303
cg17462560	5	77814503	77814552	5:77672072:G:T	5	77672072	1.92E-14	0.0726397	0.00872941	rs59951439	0.319
cg17462560	5	77814503	77814552	5:77672618:G:A	5	77672618	1.89E-14	0.0726468	0.00872819	rs12653791	0.319
cg17462560	5	77814503	77814552	5:77673232:G:T	5	77673232	1.20E-14	0.0731845	0.00871518	rs12654349	0.319
cg17462560	5	77814503	77814552	5:77673317:G:C	5	77673317	0.411173	0.00891544	0.0108236	rs10059672	NA
cg17462560	5	77814503	77814552	5:77673641:T:C	5	77673641	7.31E-14	-0.064139	0.00791683	rs10054586	0.281
cg17462560	5	77814503	77814552	5:77674546:C:T	5	77674546	2.03E-13	-0.0626706	0.00790103	rs12110158	0.281
cg17462560	5	77814503	77814552	5:77674827:A:G	5	77674827	7.91E-15	0.0727113	0.00858958	rs6872321	0.319
cg17462560	5	77814503	77814552	5:77675373:T:C	5	77675373	4.43E-14	-0.0645229	0.00788419	rs4565193	0.281
cg17462560	5	77814503	77814552	5:77676503:T:C	5	77676503	4.07E-13	-0.0622628	0.00796637	rs28562743	0.281
cg17462560	5	77814503	77814552	5:77676843:T:C	5	77676843	0.412086	0.00889166	0.0108158	rs67689570	0.004
cg17462560	5	77814503	77814552	5:77677603:G:C	5	77677603	0.231729	0.0358038	0.0298395	rs4235708	0.006
cg17462560	5	77814503	77814552	5:77677632:G:C	5	77677632	0.231924	0.0357847	0.0298361	rs4235709	0.006
cg17462560	5	77814503	77814552	5:77678129:G:C	5	77678129	1.19E-14	0.0722008	0.00859611	rs4498238	0.319
cg17462560	5	77814503	77814552	5:77678194:G:A	5	77678194	0.231962	0.0357779	0.0298329	rs4579238	0.006
cg17462560	5	77814503	77814552	5:77678408:C:T	5	77678408	2.12E-13	-0.0625447	0.00789253	rs28735684	0.281
cg17462560	5	77814503	77814552	5:77678677:A:G	5	77678677	0.231962	0.0357779	0.0298329	rs10052476	0.006
cg17462560	5	77814503	77814552	5:77679211:G:A	5	77679211	0.288471	0.011538	0.0108383	rs13357004	NA
cg17462560	5	77814503	77814552	5:77679312:G:C	5	77679312	7.45E-15	0.0727348	0.00858246	rs10942849	NA
cg17462560	5	77814503	77814552	5:77679641:A:C	5	77679641	5.23E-13	-0.0678601	0.00872953	rs10054475	0.283
cg17462560	5	77814503	77814552	5:77680539:A:G	5	77680539	0.194524	-0.0274229	0.0210612	rs114603029	0.019
cg17462560	5	77814503	77814552	5:77680873:T:C	5	77680873	0.411544	0.0089001	0.0108135	rs10059940	0.004
cg17462560	5	77814503	77814552	5:77681070:G:A	5	77681070	1.93E-13	-0.0629089	0.00792211	rs10942850	0.281
cg17462560	5	77814503	77814552	5:77681619:T:C	5	77681619	7.19E-15	0.0727404	0.00857752	rs11742254	0.319
cg17462560	5	77814503	77814552	5:77682419:A:G	5	77682419	6.51E-14	-0.0641651	0.00790142	rs13356910	0.281
cg17462560	5	77814503	77814552	5:77682948:C:G	5	77682948	0.408616	0.00895918	0.0108173	rs4352584	0.004
cg17462560	5	77814503	77814552	5:77683144:T:G	5	77683144	0.40855	0.00896022	0.0108171	rs116246588	0.004
cg17462560	5	77814503	77814552	5:77683299:G:A	5	77683299	3.81E-13	-0.0624956	0.00798493	rs4613679	0.281
cg17462560	5	77814503	77814552	5:77683490:T:C	5	77683490	0.40563	0.00902529	0.0108279	rs4703756	0.004
cg17462560	5	77814503	77814552	5:77683506:C:G	5	77683506	0.405927	0.00902125	0.0108299	rs4704508	NA
cg17462560	5	77814503	77814552	5:77683507:G:A	5	77683507	3.44E-13	-0.0623852	0.00795326	rs28727880	0.281
cg17462560	5	77814503	77814552	5:77683534:C:T	5	77683534	1.60E-14	0.072694	0.00870504	rs12653089	0.319
cg17462560	5	77814503	77814552	5:77684206:C:T	5	77684206	0.232169	0.0357313	0.0298073	rs4360024	0.006
cg17462560	5	77814503	77814552	5:77684726:G:A	5	77684726	0.287556	0.0115531	0.0108318	rs3922654	0.004
cg17462560	5	77814503	77814552	5:77685834:T:C	5	77685834	5.96E-14	-0.0639476	0.00786057	rs13359344	0.281
cg17462560	5	77814503	77814552	5:77688331:A:G	5	77688331	0.287527	0.011554	0.010832	rs10440686	0.004
cg17462560	5	77814503	77814552	5:77688435:C:G	5	77688435	3.71E-14	-0.0642974	0.00782865	rs10474544	0.281
cg17462560	5	77814503	77814552	5:77689073:T:C	5	77689073	3.73E-14	-0.0645298	0.00785761	rs6860201	0.281
cg17462560	5	77814503	77814552	5:77689107:A:C	5	77689107	5.41E-13	-0.0681303	0.00877052	rs6896393	0.283
cg17462560	5	77814503	77814552	5:77689721:C:G	5	77689721	7.00E-15	0.0731817	0.00862514	rs60568704	0.319
cg17462560	5	77814503	77814552	5:77690103:T:C	5	77690103	3.59E-14	-0.0643125	0.00782525	rs13159260	0.281
cg17462560	5	77814503	77814552	5:77690148:C:T	5	77690148	1.09E-14	0.0726444	0.00863491	rs11741520	0.319
cg17462560	5	77814503	77814552	5:77690224:T:C	5	77690224	0.287498	0.0115547	0.0108321	rs13359053	0.004
cg17462560	5	77814503	77814552	5:77690758:C:T	5	77690758	6.92E-15	0.0731661	0.00862124	rs6882358	0.319
cg17462560	5	77814503	77814552	5:77690945:T:C	5	77690945	0.287487	0.0115551	0.0108321	rs1864172	0.004
cg17462560	5	77814503	77814552	5:77691158:C:T	5	77691158	0.287487	0.0115551	0.0108321	rs1864173	0.004
cg17462560	5	77814503	77814552	5:77692019:T:C	5	77692019	0.410302	0.00891981	0.0108087	rs10043115	0.004
cg17462560	5	77814503	77814552	5:77692081:A:G	5	77692081	3.30E-13	-0.0623023	0.00793567	rs13347328	0.281
cg17462560	5	77814503	77814552	5:77692125:A:G	5	77692125	5.70E-14	-0.0641569	0.0078792	rs13347329	0.281
cg17462560	5	77814503	77814552	5:77692617:T:A	5	77692617	0.705557	-0.00394079	0.0104139	rs2115436	0.001
cg17462560	5	77814503	77814552	5:77692745:G:A	5	77692745	3.38E-13	-0.0624974	0.0079645	rs2162959	0.281
cg17462560	5	77814503	77814552	5:77692801:C:T	5	77692801	0.232659	0.0356436	0.0297654	rs7448519	0.006
cg17462560	5	77814503	77814552	5:77692819:C:T	5	77692819	0.705705	-0.00393883	0.0104142	rs11743511	0.001
cg17462560	5	77814503	77814552	5:77692932:T:A	5	77692932	9.30E-15	0.0731323	0.00866625	rs56007750	0.319
cg17462560	5	77814503	77814552	5:77693623:A:G	5	77693623	0.41054	0.0089154	0.0108089	rs2362823	0.004
cg17462560	5	77814503	77814552	5:77694320:C:G	5	77694320	1.53E-13	-0.062737	0.0078622	rs10067296	0.281
cg17462560	5	77814503	77814552	5:77694468:A:G	5	77694468	1.58E-13	-0.0629162	0.00789077	rs6885047	0.281
cg17462560	5	77814503	77814552	5:77695040:A:G	5	77695040	5.53E-14	-0.0641407	0.00787253	rs10452490	0.281
cg17462560	5	77814503	77814552	5:77695088:G:A	5	77695088	0.705732	-0.0039383	0.0104138	rs1594055	0.001
cg17462560	5	77814503	77814552	5:77696058:A:C	5	77696058	0.0403768	-0.0289424	0.0140193	rs1346566	0.046
cg17462560	5	77814503	77814552	5:77696631:T:C	5	77696631	0.0446554	-0.0331009	0.0163728	rs62362623	0.047
cg17462560	5	77814503	77814552	5:77696671:A:C	5	77696671	6.14E-15	0.0725876	0.00853364	rs62362624	0.319
cg17462560	5	77814503	77814552	5:77696828:G:A	5	77696828	0.207345	-0.028956	0.0228838	rs78220624	0.019
cg17462560	5	77814503	77814552	5:77697094:G:T	5	77697094	6.10E-15	0.0725955	0.00853364	rs7719436	0.319
cg17462560	5	77814503	77814552	5:77697827:A:G	5	77697827	6.07E-15	0.0726045	0.00853377	rs12108733	0.319
cg17462560	5	77814503	77814552	5:77698045:G:A	5	77698045	6.02E-15	0.072613	0.00853361	rs12110225	0.319
cg17462560	5	77814503	77814552	5:77698222:G:A	5	77698222	0.545801	-0.00630644	0.0104207	rs10805920	0.001
cg17462560	5	77814503	77814552	5:77698490:T:C	5	77698490	2.53E-14	-0.0645339	0.00779777	rs10942851	0.281
cg17462560	5	77814503	77814552	5:77698536:A:G	5	77698536	5.98E-15	0.072625	0.00853392	rs62362625	0.319
cg17462560	5	77814503	77814552	5:77698582:G:T	5	77698582	2.45E-14	-0.0643358	0.00776928	rs10942852	0.281
cg17462560	5	77814503	77814552	5:77699699:G:C	5	77699699	2.56E-14	-0.06452	0.00779785	rs2885616	0.281
cg17462560	5	77814503	77814552	5:77699751:G:A	5	77699751	9.17E-15	0.0721604	0.00854875	rs112180775	0.319
cg17462560	5	77814503	77814552	5:77699873:G:A	5	77699873	5.84E-15	0.0726696	0.00853525	rs12108810	0.319
cg17462560	5	77814503	77814552	5:77699997:G:T	5	77699997	0.233206	0.0355552	0.0297265	rs6414976	0.006
cg17462560	5	77814503	77814552	5:77700363:C:T	5	77700363	0.545905	-0.00630649	0.0104234	rs2115433	0.001
cg17462560	5	77814503	77814552	5:77701913:A:G	5	77701913	0.287666	0.0115511	0.0108324	rs1560195	0.007
cg17462560	5	77814503	77814552	5:77701982:G:C	5	77701982	0.287666	0.0115511	0.0108324	rs1560196	0.007
cg17462560	5	77814503	77814552	5:77702206:A:G	5	77702206	0.0819194	-0.0375032	0.0214399	rs113760165	0.021
cg17462560	5	77814503	77814552	5:77702360:G:A	5	77702360	0.232425	0.0356069	0.0297199	rs6453383	0.006
cg17462560	5	77814503	77814552	5:77704026:G:A	5	77704026	4.39E-14	0.0701032	0.00856449	rs11742780	0.299
cg17462560	5	77814503	77814552	5:77704085:G:C	5	77704085	0.233472	0.0355157	0.0297105	rs6453385	0.006
cg17462560	5	77814503	77814552	5:77704200:G:A	5	77704200	4.38E-14	0.070105	0.00856424	rs62362628	0.299
cg17462560	5	77814503	77814552	5:77704246:C:A	5	77704246	4.36E-14	0.0701106	0.00856397	rs62362629	0.299
cg17462560	5	77814503	77814552	5:77704336:C:G	5	77704336	0.233472	0.0355157	0.0297105	rs6453386	0.006
cg17462560	5	77814503	77814552	5:77704348:T:G	5	77704348	0.233408	0.0355204	0.0297103	rs6453387	0.006
cg17462560	5	77814503	77814552	5:77704513:C:T	5	77704513	4.33E-14	0.0701223	0.00856439	rs57935474	0.299
cg17462560	5	77814503	77814552	5:77704848:T:C	5	77704848	6.39E-14	-0.0640284	0.00788177	rs4143069	0.281
cg17462560	5	77814503	77814552	5:77705495:A:G	5	77705495	4.28E-14	0.0701356	0.00856408	rs16875368	0.299
cg17462560	5	77814503	77814552	5:77705567:G:A	5	77705567	0.287634	0.0115553	0.0108357	rs9293747	0.004
cg17462560	5	77814503	77814552	5:77706663:C:G	5	77706663	5.45E-15	0.0727602	0.0085347	rs4527582	0.319
cg17462560	5	77814503	77814552	5:77706878:T:C	5	77706878	0.546282	-0.00629854	0.0104201	rs2362827	0.001
cg17462560	5	77814503	77814552	5:77707790:A:G	5	77707790	5.42E-15	0.0727681	0.00853458	rs67590667	0.319
cg17462560	5	77814503	77814552	5:77708201:T:C	5	77708201	2.41E-14	-0.0645673	0.00779462	rs7720070	0.281
cg17462560	5	77814503	77814552	5:77709054:C:T	5	77709054	5.33E-15	0.0727894	0.00853464	rs58118835	0.319
cg17462560	5	77814503	77814552	5:77709067:T:C	5	77709067	2.40E-14	-0.0645693	0.00779416	rs1529497	0.281
cg17462560	5	77814503	77814552	5:77709162:G:A	5	77709162	0.23358	0.0354797	0.0296873	rs6414977	0.006
cg17462560	5	77814503	77814552	5:77709430:C:T	5	77709430	0.287829	0.0115476	0.0108328	rs4529173	0.004
cg17462560	5	77814503	77814552	5:77709462:G:A	5	77709462	5.28E-15	0.0728003	0.00853434	rs62362631	0.319
cg17462560	5	77814503	77814552	5:77710293:G:A	5	77710293	0.28785	0.0115474	0.0108331	rs34625710	0.004
cg17462560	5	77814503	77814552	5:77710880:T:C	5	77710880	0.546319	-0.00629774	0.0104197	rs6896927	0.001
cg17462560	5	77814503	77814552	5:77713821:G:T	5	77713821	0.095029	0.0403422	0.0240407	rs3822476	0.008
cg17462560	5	77814503	77814552	5:77715036:A:G	5	77715036	5.04E-15	0.0728629	0.00853404	rs16875377	0.319
cg17462560	5	77814503	77814552	5:77715300:A:G	5	77715300	5.03E-15	0.0728645	0.008534	rs6875728	0.319
cg17462560	5	77814503	77814552	5:77716541:A:G	5	77716541	4.98E-15	0.0728782	0.00853399	rs66864468	0.319
cg17462560	5	77814503	77814552	5:77716621:G:A	5	77716621	0.287612	-0.0115538	0.0108338	rs7701154	0.004
cg17462560	5	77814503	77814552	5:77717256:C:G	5	77717256	2.25E-14	-0.0644165	0.00776543	rs11949032	0.281
cg17462560	5	77814503	77814552	5:77719216:T:G	5	77719216	2.33E-14	-0.0645877	0.00779142	rs11950060	0.281
cg17462560	5	77814503	77814552	5:77719319:A:G	5	77719319	2.32E-14	-0.0645905	0.0077913	rs11949403	0.281
cg17462560	5	77814503	77814552	5:77719520:G:A	5	77719520	4.85E-15	0.0729161	0.00853395	rs891151	0.319
cg17462560	5	77814503	77814552	5:77719910:C:T	5	77719910	2.32E-14	-0.0645872	0.00779092	rs7732023	0.281
cg17462560	5	77814503	77814552	5:77720030:G:C	5	77720030	0.0405317	-0.0350175	0.0169753	rs62364262	0.047
cg17462560	5	77814503	77814552	5:77721404:A:C	5	77721404	4.14E-13	0.0677057	0.00866589	rs1968382	0.283
cg17462560	5	77814503	77814552	5:77721431:T:C	5	77721431	0.287633	-0.0115533	0.0108338	rs1529499	0.004
cg17462560	5	77814503	77814552	5:77721643:C:T	5	77721643	0.287633	-0.0115533	0.0108338	rs1529500	0.004
cg17462560	5	77814503	77814552	5:77722362:A:C	5	77722362	2.28E-14	-0.0645968	0.00778977	rs10060186	0.281
cg17462560	5	77814503	77814552	5:77723497:T:A	5	77723497	2.18E-14	-0.0644392	0.00776365	rs10064024	0.281
cg17462560	5	77814503	77814552	5:77723700:T:G	5	77723700	0.546476	-0.00629572	0.0104205	rs2115435	0.001
cg17462560	5	77814503	77814552	5:77724036:T:A	5	77724036	0.546487	-0.00629542	0.0104203	rs2362829	0.001
cg17462560	5	77814503	77814552	5:77724873:A:T	5	77724873	2.26E-14	-0.0646045	0.00778896	rs13155116	0.281
cg17462560	5	77814503	77814552	5:77724891:T:G	5	77724891	2.16E-14	-0.0644484	0.00776365	rs13159112	0.281
cg17462560	5	77814503	77814552	5:77726838:G:A	5	77726838	2.24E-14	-0.0646053	0.00778796	rs28524998	0.281
cg17462560	5	77814503	77814552	5:77727003:T:G	5	77727003	0.546494	-0.00629529	0.0104202	rs6453389	0.001
cg17462560	5	77814503	77814552	5:77727485:A:C	5	77727485	2.27E-14	-0.064277	0.00775058	rs11746944	NA
cg17462560	5	77814503	77814552	5:77728196:T:C	5	77728196	2.27E-14	-0.0642777	0.00775047	rs66602879	0.281
cg17462560	5	77814503	77814552	5:77728333:C:T	5	77728333	0.0138965	0.0436093	0.0175581	rs72760940	0.014
cg17462560	5	77814503	77814552	5:77729220:T:G	5	77729220	0.287755	-0.0115497	0.0108331	rs11744479	0.004
cg17462560	5	77814503	77814552	5:77730349:T:C	5	77730349	0.455289	-0.00780209	0.0104277	rs7705718	0.001
cg17462560	5	77814503	77814552	5:77730450:A:T	5	77730450	0.455282	-0.00780221	0.0104277	rs7701850	0.001
cg17462560	5	77814503	77814552	5:77730556:A:G	5	77730556	0.455866	-0.00779264	0.0104284	rs7702000	0.001
cg17462560	5	77814503	77814552	5:77730576:G:A	5	77730576	0.455605	-0.00779695	0.0104281	rs7719228	0.001
cg17462560	5	77814503	77814552	5:77732166:T:C	5	77732166	2.27E-14	-0.0642952	0.00775241	rs79422055	0.281
cg17462560	5	77814503	77814552	5:77732804:G:C	5	77732804	2.22E-14	-0.0642819	0.00774734	rs10474545	0.281
cg17462560	5	77814503	77814552	5:77733414:T:C	5	77733414	4.03E-15	0.073157	0.00853245	rs75117031	0.319
cg17462560	5	77814503	77814552	5:77735154:C:T	5	77735154	3.89E-15	0.0731937	0.0085311	rs2362830	0.319
cg17462560	5	77814503	77814552	5:77735468:T:A	5	77735468	0.546261	-0.00629801	0.0104187	rs2162960	0.001
cg17462560	5	77814503	77814552	5:77735678:A:G	5	77735678	2.15E-14	-0.0646009	0.00778112	rs2885617	0.281
cg17462560	5	77814503	77814552	5:77736809:T:C	5	77736809	0.287566	-0.0115529	0.0108319	rs13153360	NA
cg17462560	5	77814503	77814552	5:77737529:G:A	5	77737529	0.287505	-0.0115544	0.0108319	rs10942855	0.004
cg17462560	5	77814503	77814552	5:77737644:G:A	5	77737644	2.02E-14	-0.0644695	0.00775559	rs12374462	0.281
cg17462560	5	77814503	77814552	5:77737814:G:C	5	77737814	3.71E-15	0.0732493	0.00853001	rs62364271	0.319
cg17462560	5	77814503	77814552	5:77739154:T:C	5	77739154	0.287556	-0.0115531	0.0108318	rs1019803	NA
cg17462560	5	77814503	77814552	5:77739350:C:T	5	77739350	3.65E-15	0.0732695	0.00852981	rs6860842	0.319
cg17462560	5	77814503	77814552	5:77739827:G:C	5	77739827	9.45E-16	-0.0668026	0.00758569	rs3952231	0.303
cg17462560	5	77814503	77814552	5:77740070:A:G	5	77740070	3.62E-15	0.0732779	0.00852929	rs62364273	0.319
cg17462560	5	77814503	77814552	5:77740214:A:T	5	77740214	2.05E-14	-0.0644559	0.00775594	rs10075742	0.281
cg17462560	5	77814503	77814552	5:77740940:A:G	5	77740940	0.000117396	0.0636638	0.0161749	rs56353413	0.197
cg17462560	5	77814503	77814552	5:77741082:G:A	5	77741082	0.546216	-0.00629852	0.0104184	rs6870646	0.001
cg17462560	5	77814503	77814552	5:77741784:C:T	5	77741784	0.545569	-0.00630933	0.0104194	rs6873144	0.001
cg17462560	5	77814503	77814552	5:77742253:C:T	5	77742253	0.5452	-0.00631551	0.01042	rs4290994	0.001
cg17462560	5	77814503	77814552	5:77742776:A:G	5	77742776	0.544832	-0.00632168	0.0104207	rs6859161	0.001
cg17462560	5	77814503	77814552	5:77743098:G:A	5	77743098	0.544562	-0.00632635	0.0104214	rs6882191	0.001
cg17462560	5	77814503	77814552	5:77743356:A:G	5	77743356	3.54E-15	0.0732984	0.00852835	rs62364294	0.319
cg17462560	5	77814503	77814552	5:77744201:G:A	5	77744201	0.543917	-0.00633711	0.0104223	rs10061149	0.001
cg17462560	5	77814503	77814552	5:77745176:A:C	5	77745176	1.90E-14	-0.0644974	0.00774951	rs9293749	0.281
cg17462560	5	77814503	77814552	5:77745537:A:G	5	77745537	4.88E-13	-0.0612478	0.007867	rs10474548	0.281
cg17462560	5	77814503	77814552	5:77746199:C:T	5	77746199	0.538443	-0.00642704	0.010428	rs10942856	0.001
cg17462560	5	77814503	77814552	5:77746276:A:G	5	77746276	1.98E-14	-0.0646189	0.00777092	rs11951461	0.281
cg17462560	5	77814503	77814552	5:77747623:G:A	5	77747623	1.85E-14	-0.0645038	0.007746	rs10067811	0.281
cg17462560	5	77814503	77814552	5:77747643:A:G	5	77747643	1.85E-14	-0.0644983	0.00774606	rs10060939	0.281
cg17462560	5	77814503	77814552	5:77753854:C:A	5	77753854	3.29E-15	0.0733615	0.00852401	rs7711587	0.319
cg17462560	5	77814503	77814552	5:77753997:C:T	5	77753997	5.20E-15	0.0728355	0.00853605	rs7715486	0.319
cg17462560	5	77814503	77814552	5:77754138:C:T	5	77754138	1.76E-14	-0.0645131	0.00774021	rs9293750	0.281
cg17462560	5	77814503	77814552	5:77754268:G:T	5	77754268	0.535908	-0.00647179	0.0104354	rs7714871	0.001
cg17462560	5	77814503	77814552	5:77754500:C:T	5	77754500	1.85E-14	-0.0646245	0.00776119	rs10056690	0.281
cg17462560	5	77814503	77814552	5:77755035:T:C	5	77755035	0.279083	-0.011783	0.0108541	rs6453391	0.004
cg17462560	5	77814503	77814552	5:77755343:A:G	5	77755343	0.278752	-0.011792	0.0108548	rs13155648	0.004
cg17462560	5	77814503	77814552	5:77756478:G:C	5	77756478	3.47E-13	0.067779	0.00864226	rs60204681	0.283
cg17462560	5	77814503	77814552	5:77757448:A:G	5	77757448	3.44E-13	0.0677739	0.00864038	rs59474618	0.283
cg17462560	5	77814503	77814552	5:77757544:G:T	5	77757544	1.78E-14	-0.0646219	0.00775475	rs6453392	0.281
cg17462560	5	77814503	77814552	5:77757702:A:T	5	77757702	1.68E-14	-0.0645176	0.00773312	rs13167053	0.281
cg17462560	5	77814503	77814552	5:77758425:T:C	5	77758425	0.280937	-0.0117488	0.0108645	rs10063319	0.004
cg17462560	5	77814503	77814552	5:77759121:G:T	5	77759121	3.14E-15	0.0734023	0.00852097	rs12657275	0.319
cg17462560	5	77814503	77814552	5:77759362:A:G	5	77759362	0.275666	-0.0118746	0.0108607	rs10063742	0.004
cg17462560	5	77814503	77814552	5:77759520:A:G	5	77759520	1.76E-14	-0.0646239	0.0077533	rs7356762	0.281
cg17462560	5	77814503	77814552	5:77759861:C:T	5	77759861	1.76E-14	-0.064618	0.00775288	rs10056277	0.281
cg17462560	5	77814503	77814552	5:77759863:C:T	5	77759863	6.62E-15	0.0729699	0.00859087	rs12653385	0.319
cg17462560	5	77814503	77814552	5:77759990:T:A	5	77759990	3.11E-15	0.0734194	0.00852174	rs11745276	0.319
cg17462560	5	77814503	77814552	5:77760159:G:A	5	77760159	3.11E-15	0.0734228	0.00852188	rs11747700	0.319
cg17462560	5	77814503	77814552	5:77760241:A:G	5	77760241	0.27502	-0.0118922	0.0108621	rs10942857	0.004
cg17462560	5	77814503	77814552	5:77761238:G:A	5	77761238	3.07E-15	0.0734541	0.00852376	rs2011698	0.319
cg17462560	5	77814503	77814552	5:77761794:G:A	5	77761794	0.528027	-0.00660313	0.0104443	rs891150	0.001
cg17462560	5	77814503	77814552	5:77763891:T:C	5	77763891	1.75E-14	-0.0646054	0.00775001	rs11958920	0.281
cg17462560	5	77814503	77814552	5:77764613:G:C	5	77764613	0.271517	-0.0119856	0.0108675	rs6861678	0.004
cg17462560	5	77814503	77814552	5:77766019:T:C	5	77766019	5.83E-14	0.0730926	0.00898077	rs11750781	0.228
cg17462560	5	77814503	77814552	5:77766028:A:G	5	77766028	4.79E-13	0.0667372	0.00856879	rs6453393	0.283
cg17462560	5	77814503	77814552	5:77766135:T:C	5	77766135	2.99E-15	0.0735307	0.00852839	rs6453394	0.319
cg17462560	5	77814503	77814552	5:77766658:G:A	5	77766658	7.40E-15	-0.0649839	0.007667	rs10055537	0.281
cg17462560	5	77814503	77814552	5:77767577:C:T	5	77767577	7.43E-15	-0.0650699	0.00767779	rs17193552	0.281
cg17462560	5	77814503	77814552	5:77768019:C:T	5	77768019	2.97E-15	0.0735549	0.00853012	rs4269275	0.319
cg17462560	5	77814503	77814552	5:77768088:T:A	5	77768088	0.224678	-0.013066	0.0107249	rs2012562	0.004
cg17462560	5	77814503	77814552	5:77768302:T:C	5	77768302	0.224441	-0.0130728	0.010725	rs1560197	0.004
cg17462560	5	77814503	77814552	5:77768488:G:C	5	77768488	2.96E-15	0.0735641	0.00853043	rs16875447	0.319
cg17462560	5	77814503	77814552	5:77768820:G:A	5	77768820	0.219834	-0.0131769	0.0107028	rs1159929	0.004
cg17462560	5	77814503	77814552	5:77768943:T:C	5	77768943	0.444372	-0.0079015	0.0103088	rs1159930	0.001
cg17462560	5	77814503	77814552	5:77769002:C:G	5	77769002	7.59E-15	-0.0650153	0.00767442	rs10065805	0.262
cg17462560	5	77814503	77814552	5:77769094:G:C	5	77769094	0.444093	-0.00790628	0.0103087	rs4143070	0.001
cg17462560	5	77814503	77814552	5:77769810:A:G	5	77769810	1.74E-14	-0.0645589	0.00774334	rs13174614	0.281
cg17462560	5	77814503	77814552	5:77770140:G:A	5	77770140	7.49E-15	-0.0649392	0.00766351	rs12697886	NA
cg17462560	5	77814503	77814552	5:77770241:G:C	5	77770241	0.26742	-0.0120941	0.0108721	rs1019739	0.004
cg17462560	5	77814503	77814552	5:77770691:C:T	5	77770691	2.94E-15	0.0735894	0.00853219	rs11745756	0.319
cg17462560	5	77814503	77814552	5:77770787:C:A	5	77770787	1.63E-14	-0.0644624	0.00772209	rs10068518	0.281
cg17462560	5	77814503	77814552	5:77773152:C:T	5	77773152	2.91E-15	0.0736146	0.00853355	rs1046819	0.319
cg17462560	5	77814503	77814552	5:77774498:T:A	5	77774498	0.263774	-0.0122053	0.0108884	rs6874309	0.004
cg17462560	5	77814503	77814552	5:77778296:A:G	5	77778296	0.387776	-0.00880144	0.0101667	rs9293751	0.001
cg17462560	5	77814503	77814552	5:77779033:G:A	5	77779033	0.387355	-0.00880915	0.0101666	rs11742212	0.001
cg17462560	5	77814503	77814552	5:77779125:A:G	5	77779125	0.238068	-0.0126478	0.0106852	rs6867673	0.004
cg17462560	5	77814503	77814552	5:77779738:A:G	5	77779738	3.40E-15	0.0725661	0.00843682	rs12652692	0.319
cg17462560	5	77814503	77814552	5:77780263:C:T	5	77780263	0.399366	-0.00857785	0.0101547	rs1428864	0.001
cg17462560	5	77814503	77814552	5:77780451:T:G	5	77780451	0.232909	-0.0355102	0.02967	rs12515869	0.006
cg17462560	5	77814503	77814552	5:77781390:G:A	5	77781390	0.256549	-0.0332893	0.0292493	rs884602	0.006
cg17462560	5	77814503	77814552	5:77782447:C:G	5	77782447	4.91E-14	-0.0640411	0.0078415	rs13157936	0.281
cg17462560	5	77814503	77814552	5:77782512:G:A	5	77782512	0.232948	-0.035507	0.0296698	rs55908319	0.006
cg17462560	5	77814503	77814552	5:77783029:T:C	5	77783029	0.000104326	-0.039198	0.00988195	rs11743650	0.101
cg17462560	5	77814503	77814552	5:77783089:G:C	5	77783089	2.35E-14	-0.0650738	0.00785146	rs1050674	0.281
cg17462560	5	77814503	77814552	5:77783101:G:A	5	77783101	0.232948	-0.035507	0.0296698	rs2278225	0.006
cg17462560	5	77814503	77814552	5:77784433:T:C	5	77784433	0.300848	-0.0293149	0.0282543	rs2241568	0.006
cg17462560	5	77814503	77814552	5:77784438:T:A	5	77784438	0.300428	-0.0293412	0.0282551	rs2241567	0.006
cg17462560	5	77814503	77814552	5:77784542:C:T	5	77784542	3.99E-15	-0.0659222	0.0076874	rs11740697	0.274
cg17462560	5	77814503	77814552	5:77784738:A:G	5	77784738	0.396209	-0.00863	0.0101482	rs2241566	NA
cg17462560	5	77814503	77814552	5:77785387:T:C	5	77785387	0.189873	-0.0138405	0.0105186	rs6453396	0.004
cg17462560	5	77814503	77814552	5:77785858:G:A	5	77785858	0.188781	-0.013875	0.0105187	rs1035950	0.004
cg17462560	5	77814503	77814552	5:77786423:A:G	5	77786423	0.1275	-0.0376666	0.0246035	rs112320764	0.014
cg17462560	5	77814503	77814552	5:77786764:T:G	5	77786764	1.50E-14	-0.0646459	0.00773162	rs10514138	0.281
cg17462560	5	77814503	77814552	5:77787482:C:T	5	77787482	4.91E-13	0.0632112	0.00812037	rs55716079	0.255
cg17462560	5	77814503	77814552	5:77787889:C:G	5	77787889	0.392966	0.00910162	0.0106295	rs4704513	0.005
cg17462560	5	77814503	77814552	5:77787934:A:G	5	77787934	0.00020275	-0.0391066	0.0103138	rs11952677	0.094
cg17462560	5	77814503	77814552	5:77788495:G:T	5	77788495	8.45E-15	0.0724012	0.00856383	rs16875505	0.345
cg17462560	5	77814503	77814552	5:77788791:A:G	5	77788791	7.42E-13	0.0666098	0.00863406	rs16875506	0.306
cg17462560	5	77814503	77814552	5:77788872:G:C	5	77788872	0.219773	-0.0363078	0.0294868	rs16875509	0.006
cg17462560	5	77814503	77814552	5:77788925:T:A	5	77788925	0.219045	-0.0363517	0.0294756	rs73766813	0.006
cg17462560	5	77814503	77814552	5:77789532:T:C	5	77789532	0.182742	-0.0140506	0.0105059	rs7700390	0.004
cg17462560	5	77814503	77814552	5:77790310:G:A	5	77790310	0.217615	-0.0363332	0.0293689	rs7718448	0.006
cg17462560	5	77814503	77814552	5:77790663:C:T	5	77790663	3.64E-15	-0.0646478	0.0075258	rs10474553	0.288
cg17462560	5	77814503	77814552	5:77790973:G:C	5	77790973	4.66E-13	-0.0608915	0.00781369	rs17802875	0.254
cg17462560	5	77814503	77814552	5:77791108:A:C	5	77791108	0.950558	0.000607273	0.00978038	rs7706342	NA
cg17462560	5	77814503	77814552	5:77792462:A:C	5	77792462	0.179353	-0.0141405	0.0104909	rs10070202	0.003
cg17462560	5	77814503	77814552	5:77792707:T:C	5	77792707	0.179324	-0.0141416	0.010491	rs10043027	0.003
cg17462560	5	77814503	77814552	5:77793530:T:C	5	77793530	0.216466	-0.0363894	0.0293407	rs2362831	0.006
cg17462560	5	77814503	77814552	5:77794750:A:G	5	77794750	0.17249	-0.0143526	0.0104796	rs10044028	0.003
cg17462560	5	77814503	77814552	5:77795220:C:T	5	77795220	0.172461	-0.0143537	0.0104798	rs10068686	0.003
cg17462560	5	77814503	77814552	5:77795803:T:A	5	77795803	5.96E-15	-0.0646501	0.00759635	rs1108507	0.288
cg17462560	5	77814503	77814552	5:77795843:A:G	5	77795843	0.172466	-0.0143539	0.01048	rs2362832	0.003
cg17462560	5	77814503	77814552	5:77795861:G:A	5	77795861	0.339387	-0.0256466	0.0267747	rs76412528	0.005
cg17462560	5	77814503	77814552	5:77796711:T:C	5	77796711	8.08E-15	0.07289	0.0086143	rs11737914	0.306
cg17462560	5	77814503	77814552	5:77796973:T:A	5	77796973	0.295677	-0.0304532	0.0290381	rs73766815	0.006
cg17462560	5	77814503	77814552	5:77797238:T:G	5	77797238	5.95E-15	-0.0646068	0.007591	rs12186533	0.288
cg17462560	5	77814503	77814552	5:77797360:C:T	5	77797360	0.297342	-0.030329	0.0290199	rs16875531	0.006
cg17462560	5	77814503	77814552	5:77797646:A:C	5	77797646	8.14E-15	0.0728267	0.00860799	rs11738126	0.306
cg17462560	5	77814503	77814552	5:77798432:C:T	5	77798432	0.160117	-0.0147827	0.0104814	rs9293752	0.009
cg17462560	5	77814503	77814552	5:77799158:C:T	5	77799158	0.179941	-0.0141264	0.0104947	rs10474554	0.003
cg17462560	5	77814503	77814552	5:77799193:C:T	5	77799193	0.179261	-0.0141477	0.010494	rs10474555	0.003
cg17462560	5	77814503	77814552	5:77799233:C:T	5	77799233	9.89E-13	0.0663571	0.00865585	rs16875540	0.269
cg17462560	5	77814503	77814552	5:77799836:C:T	5	77799836	8.05E-13	0.0666987	0.00866109	rs6453397	0.269
cg17462560	5	77814503	77814552	5:77800588:G:A	5	77800588	2.65E-14	0.0702476	0.00849617	rs2277015	0.331
cg17462560	5	77814503	77814552	5:77800750:A:G	5	77800750	9.94E-14	-0.0619013	0.0076889	rs3822475	0.251
cg17462560	5	77814503	77814552	5:77801083:G:A	5	77801083	1.33E-15	0.0731906	0.00836304	rs876606	0.325
cg17462560	5	77814503	77814552	5:77801359:A:G	5	77801359	0.701712	-0.00392826	0.0102403	rs876605	0
cg17462560	5	77814503	77814552	5:77802188:G:A	5	77802188	8.51E-06	0.0678093	0.0148021	rs751659	0.233
cg17462560	5	77814503	77814552	5:77802672:G:C	5	77802672	2.13E-16	0.0729999	0.00807255	rs11740877	0.306
cg17462560	5	77814503	77814552	5:77803267:A:C	5	77803267	0.264899	-0.0116592	0.0104259	rs10942858	0.009
cg17462560	5	77814503	77814552	5:77803817:G:C	5	77803817	0.00274944	-0.0457556	0.0150735	rs62378885	0.062
cg17462560	5	77814503	77814552	5:77804110:A:T	5	77804110	8.48E-06	0.0678133	0.0148	rs1428860	0.233
cg17462560	5	77814503	77814552	5:77804159:G:C	5	77804159	8.04E-06	0.0686909	0.014951	rs1428861	0.233
cg17462560	5	77814503	77814552	5:77804355:C:T	5	77804355	8.46E-06	0.0678021	0.0147963	rs1428862	0.233
cg17462560	5	77814503	77814552	5:77804547:G:A	5	77804547	0.265349	-0.0116462	0.0104241	rs7727592	0.009
cg17462560	5	77814503	77814552	5:77804729:A:G	5	77804729	0.265346	-0.0116492	0.0104267	rs12697887	0.009
cg17462560	5	77814503	77814552	5:77804737:T:G	5	77804737	0.0215027	0.0316611	0.0136539	rs6874508	0.062
cg17462560	5	77814503	77814552	5:77804815:T:C	5	77804815	0.0225034	0.0315531	0.0137118	rs6874671	0.062
cg17462560	5	77814503	77814552	5:77805425:A:T	5	77805425	1.09E-18	0.0775524	0.00786284	rs891152	0.358
cg17462560	5	77814503	77814552	5:77806459:G:A	5	77806459	6.11E-18	-0.068158	0.00710162	rs11744497	0.337
cg17462560	5	77814503	77814552	5:77806465:G:A	5	77806465	1.09E-18	0.0775282	0.0078606	rs55841721	0.358
cg17462560	5	77814503	77814552	5:77806590:G:A	5	77806590	8.62E-06	0.0685746	0.0149793	rs67068840	0.233
cg17462560	5	77814503	77814552	5:77807238:G:A	5	77807238	0.00360253	0.0495157	0.016791	rs72760973	0.023
cg17462560	5	77814503	77814552	5:77807408:C:T	5	77807408	1.11E-18	0.0775026	0.00786005	rs16875558	0.358
cg17462560	5	77814503	77814552	5:77807785:G:C	5	77807785	1.36E-17	-0.0682556	0.00720527	rs10067806	0.329
cg17462560	5	77814503	77814552	5:77808001:C:T	5	77808001	1.12E-18	0.0774826	0.00785955	rs16875561	0.358
cg17462560	5	77814503	77814552	5:77808130:C:G	5	77808130	8.48E-06	0.0686454	0.0149821	rs12517819	0.233
cg17462560	5	77814503	77814552	5:77808199:A:C	5	77808199	0.0189731	0.0320657	0.0135471	rs62378887	0.062
cg17462560	5	77814503	77814552	5:77808429:C:G	5	77808429	0.0189742	0.0320677	0.0135482	rs10942860	0.062
cg17462560	5	77814503	77814552	5:77808578:A:T	5	77808578	1.15E-18	0.0774571	0.00785968	rs12657491	0.358
cg17462560	5	77814503	77814552	5:77808853:T:C	5	77808853	0.0189282	0.0320897	0.0135521	rs7719370	0.062
cg17462560	5	77814503	77814552	5:77808965:A:T	5	77808965	1.19E-18	0.0774496	0.00786301	rs60335230	0.358
cg17462560	5	77814503	77814552	5:77809149:A:G	5	77809149	1.20E-18	0.0774419	0.0078629	rs16875563	0.358
cg17462560	5	77814503	77814552	5:77809331:G:C	5	77809331	2.20E-16	0.0730054	0.00807786	rs16875564	0.319
cg17462560	5	77814503	77814552	5:77809396:G:C	5	77809396	3.38E-18	0.077459	0.00799453	rs58537592	0.358
cg17462560	5	77814503	77814552	5:77809483:C:T	5	77809483	5.28E-18	-0.0684723	0.0071176	rs11744565	NA
cg17462560	5	77814503	77814552	5:77809607:C:T	5	77809607	1.11E-18	0.0775513	0.007865	rs61651639	0.345
cg17462560	5	77814503	77814552	5:77809608:A:G	5	77809608	0.0188747	0.0321169	0.0135574	rs7720310	0.062
cg17462560	5	77814503	77814552	5:77809727:C:G	5	77809727	8.29E-06	0.0687862	0.014995	rs56001724	0.233
cg17462560	5	77814503	77814552	5:77809922:G:A	5	77809922	1.23E-18	0.0774043	0.00786242	rs11738607	0.358
cg17462560	5	77814503	77814552	5:77809989:T:C	5	77809989	1.29E-18	0.0772788	0.00785597	rs11749358	0.358
cg17462560	5	77814503	77814552	5:77810034:T:C	5	77810034	1.66E-19	0.0789929	0.00778181	rs11749361	0.358
cg17462560	5	77814503	77814552	5:77810108:C:A	5	77810108	3.33E-18	0.0774645	0.00799323	rs11745350	0.358
cg17462560	5	77814503	77814552	5:77810253:A:G	5	77810253	1.24E-18	0.0773835	0.00786191	rs56865012	0.358
cg17462560	5	77814503	77814552	5:77810268:G:C	5	77810268	8.24E-06	0.0688173	0.0149972	rs16876257	NA
cg17462560	5	77814503	77814552	5:77810354:C:T	5	77810354	1.25E-18	0.0773769	0.00786185	rs7705804	0.358
cg17462560	5	77814503	77814552	5:77812321:T:C	5	77812321	0.0187479	0.032206	0.0135803	rs2362834	0.062
cg17462560	5	77814503	77814552	5:77812753:G:A	5	77812753	2.22E-24	0.0858225	0.00725446	rs6875879	1
cg17462560	5	77814503	77814552	5:77812790:T:C	5	77812790	0.018802	0.0322058	0.0135865	rs6453399	0.062
cg17462560	5	77814503	77814552	5:77812791:G:A	5	77812791	1.22E-18	0.0775163	0.00787276	rs56083004	0.365
cg17462560	5	77814503	77814552	5:77813139:A:G	5	77813139	1.13E-18	-0.0777442	0.00788707	rs890744	0.345
cg17462560	5	77814503	77814552	5:77813365:A:G	5	77813365	7.81E-06	0.0691638	0.0150327	rs2362835	0.197
cg17462560	5	77814503	77814552	5:77813382:A:C	5	77813382	0.00438138	0.0406255	0.0140815	rs1808524	0.052
cg17462560	5	77814503	77814552	5:77813485:C:T	5	77813485	0.00211391	0.0441054	0.0141456	rs2009988	0.052
cg17462560	5	77814503	77814552	5:77814197:C:T	5	77814197	7.76E-06	0.06922	0.0150401	rs2003164	0.197
cg17462560	5	77814503	77814552	5:77814400:C:G	5	77814400	9.18E-19	0.0755607	0.00764053	rs11749121	0.365
cg17462560	5	77814503	77814552	5:77814525:G:A	5	77814525	9.21E-19	0.0755602	0.00764081	rs11742387	0.365
cg17462560	5	77814503	77814552	5:77815056:T:C	5	77815056	7.98E-18	-0.0683368	0.00715104	rs17804233	0.358
cg17462560	5	77814503	77814552	5:77815123:C:T	5	77815123	0.00020315	-0.045285	0.0119449	rs72760979	0.076
cg17462560	5	77814503	77814552	5:77815461:A:G	5	77815461	1.01E-18	0.075501	0.00764587	rs1005993	0.365
cg17462560	5	77814503	77814552	5:77815906:C:T	5	77815906	1.76E-17	-0.0683756	0.00724816	rs6898468	0.35
cg17462560	5	77814503	77814552	5:77820943:G:A	5	77820943	0.435693	-0.0210303	0.0269207	rs12518046	0.008
cg17462560	5	77814503	77814552	5:77821975:A:C	5	77821975	0.131823	-0.0130845	0.00864417	rs62378909	0.001
cg17462560	5	77814503	77814552	5:77822690:A:G	5	77822690	0.136035	-0.0129661	0.00865982	rs6884208	0.001
cg17462560	5	77814503	77814552	5:77825167:C:A	5	77825167	0.151351	-0.0126194	0.00875884	rs7719483	0.003
cg17462560	5	77814503	77814552	5:77829440:A:C	5	77829440	0.170788	-0.0119965	0.0087244	rs6453401	0.008
cg17462560	5	77814503	77814552	5:77831071:T:C	5	77831071	0.19271	-0.0114037	0.00872243	rs7709066	0.007
cg17462560	5	77814503	77814552	5:77831092:T:G	5	77831092	0.0906167	0.0310624	0.0182604	rs4235710	0.039
cg17462560	5	77814503	77814552	5:77834827:A:C	5	77834827	0.174977	-0.0118583	0.00870885	rs17216038	0.007
cg17462560	5	77814503	77814552	5:77834944:G:A	5	77834944	0.0143343	0.0588989	0.0238239	rs72760985	0.023
cg17462560	5	77814503	77814552	5:77835354:T:G	5	77835354	0.175022	-0.0118562	0.00870821	rs7730720	0.007
cg17462560	5	77814503	77814552	5:77837260:A:G	5	77837260	0.193307	-0.0113634	0.00870338	rs10045987	0.007
cg17462560	5	77814503	77814552	5:77837789:G:A	5	77837789	0.188599	-0.0114666	0.00868929	rs10057188	0.009
cg17462560	5	77814503	77814552	5:77837898:C:T	5	77837898	0.193364	-0.0113597	0.00870166	rs10063041	0.007
cg17462560	5	77814503	77814552	5:77839453:A:G	5	77839453	0.193042	-0.011364	0.00869858	rs10043523	0.007
cg17462560	5	77814503	77814552	5:77839687:G:A	5	77839687	0.192946	-0.011366	0.00869829	rs7737595	0.007
cg17462560	5	77814503	77814552	5:77839913:A:G	5	77839913	0.192969	-0.0113651	0.008698	rs7724447	0.007
cg17462560	5	77814503	77814552	5:77841243:T:C	5	77841243	0.193111	-0.0113581	0.00869546	rs11960282	0.007
cg17462560	5	77814503	77814552	5:77841392:G:A	5	77841392	0.193142	-0.0113567	0.00869499	rs11949567	0.007
cg17462560	5	77814503	77814552	5:77841886:G:A	5	77841886	0.19297	-0.0113595	0.00869375	rs11950379	0.007
cg17462560	5	77814503	77814552	5:77842072:T:C	5	77842072	0.192984	-0.0113592	0.00869376	rs6860516	0.007
cg17462560	5	77814503	77814552	5:77842904:T:C	5	77842904	0.192403	-0.0113831	0.00870064	rs11948997	0.007
cg17462560	5	77814503	77814552	5:77843821:G:A	5	77843821	0.18963	-0.0114383	0.00868812	rs6881598	0.007
cg17462560	5	77814503	77814552	5:77843876:C:T	5	77843876	0.192919	-0.0113533	0.00868803	rs6886783	0.007
cg17462560	5	77814503	77814552	5:77844030:G:T	5	77844030	0.192862	-0.0113535	0.00868703	rs1560194	0.007
cg17462560	5	77814503	77814552	5:77844982:T:C	5	77844982	0.192682	-0.0113546	0.00868435	rs6877525	0.007
cg17462560	5	77814503	77814552	5:77845147:T:C	5	77845147	0.192735	-0.0113521	0.00868348	rs10057293	0.007
cg17462560	5	77814503	77814552	5:77846540:C:T	5	77846540	0.185478	-0.0115392	0.00868232	rs10942862	0.007
cg17462560	5	77814503	77814552	5:77846683:C:T	5	77846683	0.192471	-0.011354	0.00867978	rs10050467	0.007
cg17462560	5	77814503	77814552	5:77846722:C:G	5	77846722	0.192485	-0.0113534	0.00867961	rs10050475	0.007
cg17462560	5	77814503	77814552	5:77848138:A:G	5	77848138	0.192526	-0.0113488	0.00867684	rs13154013	0.007
cg17462560	5	77814503	77814552	5:77848586:T:C	5	77848586	2.31E-05	0.0503544	0.0115906	rs344652	0.006
cg17462560	5	77814503	77814552	5:77849433:C:T	5	77849433	0.192336	-0.0113502	0.00867421	rs6885997	0.007
cg17462560	5	77814503	77814552	5:77849927:T:C	5	77849927	0.192153	-0.0113532	0.00867289	rs965829	0.007
cg17462560	5	77814503	77814552	5:77851370:T:G	5	77851370	0.192678	-0.0113338	0.00866835	rs1975427	0.007
cg17462560	5	77814503	77814552	5:77852998:T:C	5	77852998	2.45E-05	0.0499005	0.0115243	rs344651	0.008
cg17462560	5	77814503	77814552	5:77853084:T:C	5	77853084	0.18841	-0.0114135	0.00864534	rs10942864	0.007
cg17462560	5	77814503	77814552	5:77853085:G:A	5	77853085	0.18865	-0.0114067	0.0086449	rs34797797	0.007
cg17462560	5	77814503	77814552	5:77854144:A:G	5	77854144	0.0189941	-0.0247668	0.0104654	rs13186131	0.012
cg17462560	5	77814503	77814552	5:77855396:A:T	5	77855396	0.0259788	0.0550679	0.0245325	rs34518711	0.162
cg17462560	5	77814503	77814552	5:77855871:C:A	5	77855871	0.191662	-0.0113179	0.00863639	rs34026188	0.007
cg17462560	5	77814503	77814552	5:77856454:G:A	5	77856454	0.191601	-0.0113189	0.0086359	rs10074749	0.007
cg17462560	5	77814503	77814552	5:77856481:A:G	5	77856481	0.00453153	-0.0429234	0.0149356	rs62378933	0.044
cg17462560	5	77814503	77814552	5:77856656:A:G	5	77856656	0.191644	-0.011317	0.00863532	rs10068182	0.007
cg17462560	5	77814503	77814552	5:77857705:G:A	5	77857705	0.191791	-0.0113099	0.00863278	rs10076988	NA
cg17462560	5	77814503	77814552	5:77858427:C:T	5	77858427	0.192067	-0.0113006	0.00863105	rs1808053	0.007
cg17462560	5	77814503	77814552	5:77859309:A:G	5	77859309	0.19199	-0.0112983	0.00862782	rs13357564	0.007
cg17462560	5	77814503	77814552	5:77859646:G:A	5	77859646	0.19198	-0.0112967	0.00862641	rs12697888	0.007
cg17462560	5	77814503	77814552	5:77859671:T:C	5	77859671	0.192121	-0.0112932	0.00862648	rs11954219	0.007
cg17462560	5	77814503	77814552	5:77861824:C:T	5	77861824	0.191943	-0.0112907	0.00862104	rs6884609	0.007
cg17462560	5	77814503	77814552	5:77862156:T:C	5	77862156	0.1921	-0.0112845	0.00861937	rs1978629	0.007
cg17462560	5	77814503	77814552	5:77862388:C:G	5	77862388	0.19217	-0.0112823	0.00861908	rs13181597	0.007
cg17462560	5	77814503	77814552	5:77866228:T:C	5	77866228	0.192666	-0.0112614	0.00861277	rs1561735	0.007
cg17462560	5	77814503	77814552	5:77866413:C:T	5	77866413	0.325084	-0.00856689	0.00868233	rs6872119	0.007
cg17462560	5	77814503	77814552	5:77867941:T:C	5	77867941	0.193182	-0.0112422	0.0086081	rs6877631	0.007
cg17462560	5	77814503	77814552	5:77870977:A:C	5	77870977	0.192977	-0.0112374	0.00860041	rs13436853	0.007
cg17462560	5	77814503	77814552	5:77871772:A:T	5	77871772	0.00793014	0.0473343	0.0176333	rs56027956	0.028
cg17462560	5	77814503	77814552	5:77874205:G:A	5	77874205	0.193644	-0.0112086	0.00859128	rs10060400	0.007
cg17462560	5	77814503	77814552	5:77874854:C:G	5	77874854	0.194022	-0.0111992	0.00859141	rs10076149	0.007
cg17462560	5	77814503	77814552	5:77874971:C:A	5	77874971	0.194077	-0.0111993	0.00859254	rs10077696	0.007
cg17462560	5	77814503	77814552	5:77880391:G:A	5	77880391	0.196051	-0.0111491	0.00859212	rs10062048	0.007
cg17462560	5	77814503	77814552	5:77881710:G:A	5	77881710	0.197016	-0.0111252	0.00859227	rs890746	0.007
cg17462560	5	77814503	77814552	5:77882060:T:C	5	77882060	0.205762	-0.0109093	0.0085914	rs890745	0.007
cg17462560	5	77814503	77814552	5:77882090:T:A	5	77882090	0.206136	-0.0109002	0.00859136	rs13356928	0.007
cg17462560	5	77814503	77814552	5:77882816:C:T	5	77882816	0.197447	-0.0111144	0.00859223	rs6863530	0.007
cg17462560	5	77814503	77814552	5:77882880:C:T	5	77882880	0.197538	-0.0111133	0.00859316	rs1866950	0.007
cg17462560	5	77814503	77814552	5:77884790:A:G	5	77884790	0.181097	-0.0115864	0.00863064	rs6895653	0.007
cg17462560	5	77814503	77814552	5:77885156:T:C	5	77885156	0.180972	-0.0115896	0.00863055	rs10067295	0.007
cg17462560	5	77814503	77814552	5:77885830:C:T	5	77885830	0.173492	-0.0117939	0.00863161	rs6880530	0.007
cg17462560	5	77814503	77814552	5:77886420:T:C	5	77886420	0.180878	-0.0115918	0.00863033	rs1946953	0.007
cg17462560	5	77814503	77814552	5:77886496:G:A	5	77886496	0.180873	-0.0115919	0.00863032	rs6884350	0.007
cg17462560	5	77814503	77814552	5:77886612:G:A	5	77886612	0.181095	-0.0115863	0.00863053	rs2363546	0.007
cg17462560	5	77814503	77814552	5:77887723:T:A	5	77887723	0.181137	-0.0115857	0.00863095	rs13169228	0.004
cg17462560	5	77814503	77814552	5:77887738:C:A	5	77887738	0.181137	-0.0115857	0.00863095	rs13183553	0.004
cg17462560	5	77814503	77814552	5:77890099:G:A	5	77890099	0.196953	-0.011125	0.00859096	rs730782	0.002
cg17462560	5	77814503	77814552	5:77890217:C:T	5	77890217	0.196996	-0.011124	0.00859096	rs730781	0.002
cg17462560	5	77814503	77814552	5:77891493:C:T	5	77891493	0.197142	-0.0111213	0.00859174	rs10059615	0.002
cg17462560	5	77814503	77814552	5:77892027:C:A	5	77892027	0.100932	0.0272655	0.0165384	rs344656	0.044
cg17462560	5	77814503	77814552	5:77892573:A:T	5	77892573	0.205235	-0.0109197	0.00858956	rs2218253	0.002
cg17462560	5	77814503	77814552	5:77893970:G:A	5	77893970	0.196979	-0.0111244	0.00859096	rs10080116	0.002
cg17462560	5	77814503	77814552	5:77894746:G:T	5	77894746	0.197091	-0.0111226	0.00859173	rs11948106	0.002
cg17462560	5	77814503	77814552	5:77894770:A:G	5	77894770	0.19743	-0.011116	0.00859313	rs17455697	0.002
cg17462560	5	77814503	77814552	5:77894911:T:A	5	77894911	0.197032	-0.0111232	0.00859105	rs17455739	0.002
cg17462560	5	77814503	77814552	5:77895217:A:G	5	77895217	0.196944	-0.0111253	0.00859095	rs34824823	0.002
cg17462560	5	77814503	77814552	5:77901292:C:T	5	77901292	0.173025	-0.0329716	0.0241046	rs112800718	0.01
cg17462560	5	77814503	77814552	5:77901901:C:T	5	77901901	0.341367	-0.0253037	0.0265255	rs113690157	0.019
cg17462560	5	77814503	77814552	5:77903262:T:C	5	77903262	0.0152084	-0.0255621	0.0104322	rs10052968	0.01
cg17462560	5	77814503	77814552	5:77907308:T:C	5	77907308	0.194643	-0.0112689	0.00865702	rs28660517	0.002
cg17462560	5	77814503	77814552	5:77909527:C:G	5	77909527	0.430916	-0.00696117	0.00881872	rs10064912	0.004
cg17462560	5	77814503	77814552	5:77910931:T:C	5	77910931	0.499661	-0.00595659	0.00880682	rs1441711	0.004
cg17462560	5	77814503	77814552	5:77912801:C:T	5	77912801	0.55979	-0.00517332	0.00885513	rs9293754	0.004
cg17462560	5	77814503	77814552	5:77912922:G:A	5	77912922	0.568582	-0.00506219	0.00886285	rs9293755	0.004
cg17462560	5	77814503	77814552	5:77913661:T:C	5	77913661	0.244798	-0.0102351	0.0087719	rs28378983	0.002
cg17462560	5	77814503	77814552	5:77913939:A:G	5	77913939	0.590313	-0.00478966	0.0088808	rs2042874	0.004
cg17462560	5	77814503	77814552	5:77916305:C:A	5	77916305	0.760791	-0.00273398	0.00896694	rs10491475	0.004
cg17462560	5	77814503	77814552	5:77916444:C:T	5	77916444	0.766333	-0.00267045	0.00897283	rs35252676	0.004
cg17462560	5	77814503	77814552	5:77916490:G:A	5	77916490	0.633318	-0.00425979	0.00891435	rs13187953	0.004
cg17462560	5	77814503	77814552	5:77916577:C:T	5	77916577	0.769684	-0.0026305	0.00897108	rs12697890	0.004
cg17462560	5	77814503	77814552	5:77916642:C:T	5	77916642	0.642258	-0.00415075	0.00892036	rs10491474	0.004
cg17462560	5	77814503	77814552	5:77917133:G:A	5	77917133	0.651607	-0.00403777	0.00892778	rs12697891	0.002
cg17462560	5	77814503	77814552	5:77917525:A:C	5	77917525	0.495586	-0.00610987	0.00894814	rs6883793	0.002
cg17462560	5	77814503	77814552	5:77918136:A:C	5	77918136	0.437199	-0.0070072	0.00899942	rs9293756	0.002
cg17462560	5	77814503	77814552	5:77918480:G:A	5	77918480	0.0362041	0.0446185	0.0211455	rs72760999	0.021
cg17462560	5	77814503	77814552	5:77919115:C:T	5	77919115	0.746324	-0.00290224	0.00895819	rs6883870	0.037
cg17462560	5	77814503	77814552	5:77919743:T:C	5	77919743	0.102742	-0.0361082	0.022019	rs112101376	0.021
cg17462560	5	77814503	77814552	5:77920183:T:C	5	77920183	0.971651	-0.000321242	0.00902726	rs10037240	0.06
cg17462560	5	77814503	77814552	5:77920812:G:A	5	77920812	2.74E-05	0.0610403	0.0141877	rs79597372	0.183
cg17462560	5	77814503	77814552	5:77921199:T:C	5	77921199	0.998246	-1.98E-05	0.00901557	rs10037983	0.06
cg17462560	5	77814503	77814552	5:77921394:C:A	5	77921394	0.908406	-0.00104119	0.0090375	rs7734765	0.06
cg17462560	5	77814503	77814552	5:77921398:T:G	5	77921398	0.908372	-0.00104162	0.00903792	rs7720371	0.06
cg17462560	5	77814503	77814552	5:77922539:C:T	5	77922539	0.799455	-0.00227429	0.0089391	rs12651937	0.053
cg17462560	5	77814503	77814552	5:77923120:A:T	5	77923120	0.800113	-0.00226677	0.00893953	rs1866952	0.053
cg17462560	5	77814503	77814552	5:77924020:C:T	5	77924020	0.684898	-0.0036611	0.00900791	rs9293757	0.053
cg17462560	5	77814503	77814552	5:77924176:C:G	5	77924176	0.997689	-2.62E-05	0.00901784	rs10055187	0.06
cg17462560	5	77814503	77814552	5:77926281:G:A	5	77926281	0.998246	-1.98E-05	0.00901557	rs7722214	0.036
cg17462560	5	77814503	77814552	5:77927033:T:C	5	77927033	0.996683	-3.76E-05	0.00902572	rs17391168	0.051
cg17462560	5	77814503	77814552	5:77928880:G:T	5	77928880	0.985958	-0.000159379	0.00904325	rs6868848	NA
cg17462560	5	77814503	77814552	5:77928881:G:T	5	77928881	0.981741	-0.000207275	0.00904432	rs6868849	0.051
cg17462560	5	77814503	77814552	5:77929023:G:T	5	77929023	0.979533	-0.000231763	0.00902194	rs10069173	0.051
cg17462560	5	77814503	77814552	5:77929230:G:A	5	77929230	0.979112	-0.000236592	0.00902416	rs13162495	0.051
cg17462560	5	77814503	77814552	5:77929943:C:G	5	77929943	0.774574	-0.00256629	0.00894743	rs59377852	0.053
cg17462560	5	77814503	77814552	5:77930038:C:T	5	77930038	0.774643	-0.00256613	0.00894967	rs59539667	0.053
cg17462560	5	77814503	77814552	5:77934738:T:C	5	77934738	0.385146	-0.00760361	0.00873447	rs466825	0.008
cg17462560	5	77814503	77814552	5:77937453:T:C	5	77937453	0.108714	0.0146725	0.00910307	rs341930	0.025
cg17462560	5	77814503	77814552	5:77939736:T:C	5	77939736	0.106208	0.0150631	0.00927853	rs341928	0.025
cg17462560	5	77814503	77814552	5:77940790:C:T	5	77940790	0.0709743	0.0169869	0.0093532	rs341926	0.018
cg17462560	5	77814503	77814552	5:77941699:C:T	5	77941699	0.0742957	0.01682	0.00937048	rs341925	0.018
cg17462560	5	77814503	77814552	5:77947504:G:A	5	77947504	0.122482	0.0376499	0.0242656	rs74923313	0.095
cg17462560	5	77814503	77814552	5:77950858:C:A	5	77950858	0.341605	-0.0228118	0.0239252	rs79968032	0.002
cg17462560	5	77814503	77814552	5:77957859:T:C	5	77957859	0.0399535	0.0323183	0.015621	rs76555948	0.002
cg17462560	5	77814503	77814552	5:77961687:T:G	5	77961687	0.0737738	0.0276852	0.0153955	rs2162724	0.001
cg17462560	5	77814503	77814552	5:77962439:A:C	5	77962439	0.0152896	0.0246673	0.0100752	rs6868351	0.036
cg17462560	5	77814503	77814552	5:77963276:G:A	5	77963276	0.126852	0.0187166	0.0122046	rs667130	0.023
cg17462560	5	77814503	77814552	5:77963308:C:T	5	77963308	0.126643	0.0187149	0.0121967	rs574685	0.037
cg17462560	5	77814503	77814552	5:77963701:C:T	5	77963701	0.0852157	0.0266474	0.0153986	rs78242979	0.002
cg17462560	5	77814503	77814552	5:77964025:A:C	5	77964025	0.129353	0.0185549	0.0121792	rs341907	0.037
cg17462560	5	77814503	77814552	5:77964184:C:T	5	77964184	0.0854675	0.0265921	0.0153791	rs74954822	0.002
cg17462560	5	77814503	77814552	5:77964717:T:C	5	77964717	0.0169012	0.0241258	0.0100073	rs341908	0.039
cg17462560	5	77814503	77814552	5:77965519:C:T	5	77965519	0.0858132	0.0265083	0.0153477	rs75702984	0.002
cg17462560	5	77814503	77814552	5:77965520:C:G	5	77965520	0.0186755	0.0237033	0.00998877	rs191470	0.039
cg17462560	5	77814503	77814552	5:77966002:T:C	5	77966002	0.0191309	0.0235786	0.00997486	rs341909	0.039
cg17462560	5	77814503	77814552	5:77966189:C:T	5	77966189	0.0865207	0.0263766	0.0153062	rs74849751	0.002
cg17462560	5	77814503	77814552	5:77966615:A:G	5	77966615	0.0197389	0.0233973	0.00994856	rs341910	0.039
cg17462560	5	77814503	77814552	5:77966625:T:G	5	77966625	0.147432	0.0176626	0.012141	rs341911	0.037
cg17462560	5	77814503	77814552	5:77967561:G:A	5	77967561	0.0871871	0.026234	0.0152559	rs16875743	0.002
cg17462560	5	77814503	77814552	5:77968689:G:A	5	77968689	0.0887033	0.0259999	0.0151927	rs76240455	0.002
cg17462560	5	77814503	77814552	5:77969260:C:A	5	77969260	0.0227169	0.0226333	0.00985137	rs236496	0.039
cg17462560	5	77814503	77814552	5:77969331:G:A	5	77969331	0.0228389	0.0225969	0.0098445	rs457284	0.039
cg17462560	5	77814503	77814552	5:77969621:G:A	5	77969621	0.0897445	0.0258212	0.0151379	rs116125113	0.002
cg17462560	5	77814503	77814552	5:77969941:G:A	5	77969941	0.0235716	0.0224191	0.00981985	rs341904	0.039
cg17462560	5	77814503	77814552	5:77970315:C:T	5	77970315	0.0237699	0.022366	0.0098107	rs341905	0.039
cg17462560	5	77814503	77814552	5:77971879:G:T	5	77971879	0.0258557	0.0218824	0.00974035	rs341906	0.039
cg17462560	5	77814503	77814552	5:77973170:A:C	5	77973170	0.0257984	0.0219048	0.00974648	rs1961557	0.039
cg17462560	5	77814503	77814552	5:77974427:C:T	5	77974427	0.173296	-0.0155109	0.0113467	rs168189	0.014
cg17462560	5	77814503	77814552	5:77974546:A:G	5	77974546	0.0148976	0.0239013	0.00972392	rs341902	0.049
cg17462560	5	77814503	77814552	5:77974668:C:T	5	77974668	0.0149916	0.0238969	0.00973139	rs341901	0.049
cg17462560	5	77814503	77814552	5:77977040:T:C	5	77977040	0.0147749	0.0239693	0.00973942	rs341900	0.049
cg17462560	5	77814503	77814552	5:77977588:T:A	5	77977588	0.0147697	0.0239744	0.00974099	rs2434257	0.049
cg17462560	5	77814503	77814552	5:77978468:C:G	5	77978468	0.0146567	0.0240163	0.00974675	rs364134	0.049
cg17462560	5	77814503	77814552	5:77983232:T:C	5	77983232	0.0144757	-0.0241119	0.00976731	rs784418	0.049
cg17462560	5	77814503	77814552	5:77983879:G:A	5	77983879	0.0144599	-0.0241244	0.00977079	rs399920	0.049
cg17462560	5	77814503	77814552	5:77984076:G:A	5	77984076	0.0144181	-0.0241343	0.00977055	rs445455	0.053
cg17462560	5	77814503	77814552	5:77984365:G:T	5	77984365	0.107035	-0.0194108	0.0119851	rs413921	0.051
cg17462560	5	77814503	77814552	5:77985283:G:A	5	77985283	0.0948257	0.0250476	0.0149171	rs79042895	0.002
cg17462560	5	77814503	77814552	5:77985628:A:G	5	77985628	0.10633	-0.0194422	0.0119802	rs784419	0.037
cg17462560	5	77814503	77814552	5:77987524:A:G	5	77987524	0.156648	-0.0158856	0.0111694	rs784420	0.012
cg17462560	5	77814503	77814552	5:77988915:C:T	5	77988915	0.0944325	0.0250181	0.0148816	rs6869729	0.002
cg17462560	5	77814503	77814552	5:77989054:G:A	5	77989054	0.0975192	0.0248297	0.0149084	rs6868745	0.002
cg17462560	5	77814503	77814552	5:77989103:A:G	5	77989103	0.0998345	0.0246879	0.0149263	rs6890792	0.002
cg17462560	5	77814503	77814552	5:77989654:T:C	5	77989654	0.0154617	-0.0240114	0.00982397	rs784421	0.053
cg17462560	5	77814503	77814552	5:77990210:C:T	5	77990210	0.113746	0.0238434	0.015004	rs7716021	0.002
cg17462560	5	77814503	77814552	5:77990644:C:T	5	77990644	0.117529	0.023617	0.0150178	rs79098258	0.002
cg17462560	5	77814503	77814552	5:77991568:C:T	5	77991568	0.0772102	-0.0178442	0.0100414	rs422443	0.033
cg17462560	5	77814503	77814552	5:77991780:G:T	5	77991780	0.124786	-0.0154047	0.00998991	rs398960	0.03
cg17462560	5	77814503	77814552	5:77992284:A:C	5	77992284	0.411878	-0.00747228	0.00908526	rs340079	0.014
cg17462560	5	77814503	77814552	5:77992555:T:C	5	77992555	0.149058	-0.0134562	0.00928696	rs340080	0.014
cg17462560	5	77814503	77814552	5:77992560:A:G	5	77992560	0.471205	0.00988007	0.0136841	rs62379623	0.005
cg17462560	5	77814503	77814552	5:77992902:G:C	5	77992902	0.130821	-0.0139023	0.00916044	rs340081	0.012
cg17462560	5	77814503	77814552	5:77993002:A:G	5	77993002	0.129473	-0.0139491	0.00915887	rs340082	0.012
cg17462560	5	77814503	77814552	5:77993496:T:A	5	77993496	0.233636	0.0213717	0.0178847	rs79783803	0.015
cg17462560	5	77814503	77814552	5:77993923:G:A	5	77993923	0.971449	0.000379234	0.0105814	rs13362347	0.002
cg17462560	5	77814503	77814552	5:77994078:C:T	5	77994078	0.0632695	-0.0195908	0.0104843	rs340083	0.007
cg17462560	5	77814503	77814552	5:77994350:C:T	5	77994350	0.303614	0.0132297	0.0128244	rs4021399	0.006
cg17462560	5	77814503	77814552	5:77995371:G:A	5	77995371	0.38783	-0.00834815	0.00964421	rs340084	0
cg17462560	5	77814503	77814552	5:77995623:C:A	5	77995623	0.25295	0.0147924	0.0128987	rs56006911	0.006
cg17462560	5	77814503	77814552	5:77998786:A:C	5	77998786	0.13364	-0.0138556	0.00919689	rs340085	0.012
cg17462560	5	77814503	77814552	5:77999276:A:G	5	77999276	0.346444	0.012464	0.0132044	rs920581	0.001
cg17462560	5	77814503	77814552	5:77999289:A:C	5	77999289	0.282493	0.013839	0.0128389	rs920582	0.006
cg17462560	5	77814503	77814552	5:78001135:A:G	5	78001135	0.134903	-0.0137605	0.00916364	rs2431988	0.012
cg17462560	5	77814503	77814552	5:78002613:C:T	5	78002613	0.360104	0.0121259	0.0132168	rs920583	0.001
cg17462560	5	77814503	77814552	5:78002651:T:C	5	78002651	0.652254	0.00541192	0.0119899	rs920584	0
cg17462560	5	77814503	77814552	5:78004851:G:A	5	78004851	0.854083	0.00356613	0.0193633	rs79486490	0.002
cg17462560	5	77814503	77814552	5:78005763:C:T	5	78005763	0.612582	-0.0122995	0.0242471	rs13183656	0.006
cg17462560	5	77814503	77814552	5:78006154:G:C	5	78006154	0.30045	0.0133332	0.0128402	rs7734313	NA
cg17462560	5	77814503	77814552	5:78006214:G:A	5	78006214	0.300568	0.0133297	0.01284	rs7734431	0.006
cg17462560	5	77814503	77814552	5:78012455:A:C	5	78012455	0.249339	-0.0109801	0.00950155	rs1390618	NA
cg17462560	5	77814503	77814552	5:78013098:A:T	5	78013098	0.114224	0.0274338	0.0172863	rs116405011	0.022
cg17462560	5	77814503	77814552	5:78015245:C:T	5	78015245	0.114141	0.0274402	0.0172864	rs6889632	0.009
cg17462560	5	77814503	77814552	5:78015833:A:G	5	78015833	0.11415	0.0274386	0.0172858	rs78906839	0.009
cg17462560	5	77814503	77814552	5:78016049:A:G	5	78016049	0.0332232	-0.0206292	0.00961506	rs889215	0.013
cg17462560	5	77814503	77814552	5:78017191:A:C	5	78017191	0.113674	0.0275964	0.0173621	rs75354019	0.009
cg17462560	5	77814503	77814552	5:78018696:G:A	5	78018696	0.807801	-0.00318892	0.0130901	rs116313728	0
cg17462560	5	77814503	77814552	5:78018768:G:A	5	78018768	0.0383191	-0.0211425	0.0101334	rs2885809	0.001
cg17462560	5	77814503	77814552	5:78018971:G:A	5	78018971	0.334887	-0.00917206	0.00948653	rs4704518	0
cg17462560	5	77814503	77814552	5:78019103:A:T	5	78019103	0.0387844	0.0357313	0.0171672	rs76180322	0.007
cg17462560	5	77814503	77814552	5:78020874:C:A	5	78020874	0.199729	0.0223407	0.0173595	rs112715607	0.012
cg17462560	5	77814503	77814552	5:78022072:G:A	5	78022072	0.175922	0.0246617	0.0181517	rs78741096	0.012
cg17462560	5	77814503	77814552	5:78022212:C:T	5	78022212	0.175849	0.0246716	0.0181559	rs113306350	0.012
cg17462560	5	77814503	77814552	5:78023403:G:A	5	78023403	0.367083	0.0153501	0.0169768	rs57147208	0.009
cg17462560	5	77814503	77814552	5:78024366:T:C	5	78024366	0.599142	-0.0052829	0.0100331	rs569523	0.003
cg17462560	5	77814503	77814552	5:78024759:G:A	5	78024759	0.567511	0.0102206	0.0178447	rs565802	0
cg17462560	5	77814503	77814552	5:78025855:G:A	5	78025855	0.318134	-0.013468	0.0134543	rs168777	0.003
cg17462560	5	77814503	77814552	5:78025863:T:C	5	78025863	0.183407	-0.0120852	0.00905014	rs4624776	0.006
cg17462560	5	77814503	77814552	5:78027330:T:G	5	78027330	0.760505	-0.00716429	0.0234687	rs72762920	NA
cg17462560	5	77814503	77814552	5:78028285:G:A	5	78028285	0.811378	-0.00310887	0.0130083	rs34402458	0.004
cg17462560	5	77814503	77814552	5:78028559:A:G	5	78028559	0.547543	0.00817983	0.0135751	rs111658852	0.001
cg17462560	5	77814503	77814552	5:78028968:T:C	5	78028968	0.862121	0.00179917	0.0103449	rs252241	0.016
cg17462560	5	77814503	77814552	5:78029909:G:A	5	78029909	0.933816	0.000851611	0.0102408	rs252242	0.023
cg17462560	5	77814503	77814552	5:78030776:T:G	5	78030776	0.569668	-0.00730797	0.0128308	rs59929074	0.023
cg17462560	5	77814503	77814552	5:78034784:A:G	5	78034784	0.305176	0.0173674	0.01689	rs17816901	0.005
cg17462560	5	77814503	77814552	5:78034805:A:C	5	78034805	0.570601	-0.00796291	0.0140146	rs6878810	0.005
cg17462560	5	77814503	77814552	5:78034961:T:C	5	78034961	0.520892	-0.00908414	0.0141232	rs6887157	0.005
cg17462560	5	77814503	77814552	5:78036144:G:T	5	78036144	0.556749	0.00858866	0.0145879	rs6866961	0.015
cg17462560	5	77814503	77814552	5:78038074:G:A	5	78038074	0.0657398	-0.0312191	0.016864	rs72762921	NA
cg17462560	5	77814503	77814552	5:78039314:A:T	5	78039314	0.895575	-0.00226978	0.0172693	rs6876230	0
cg17462560	5	77814503	77814552	5:78039753:A:G	5	78039753	0.884678	-0.00249891	0.017205	rs56988215	0
cg17462560	5	77814503	77814552	5:78039885:G:A	5	78039885	0.87752	-0.0026495	0.017168	rs58406857	0
cg17462560	5	77814503	77814552	5:78041864:T:C	5	78041864	0.807898	-0.00420327	0.0172627	rs7731948	0
cg17462560	5	77814503	77814552	5:78042081:A:G	5	78042081	0.85235	-0.0031663	0.0169882	rs7732088	0
cg17462560	5	77814503	77814552	5:78042215:A:C	5	78042215	0.850174	-0.00321104	0.016975	rs16875859	0
cg17462560	5	77814503	77814552	5:78042323:C:T	5	78042323	0.850559	-0.00320297	0.0169766	rs16875861	0
cg17462560	5	77814503	77814552	5:78042415:G:A	5	78042415	0.806165	-0.00423183	0.0172215	rs16875865	0
cg17462560	5	77814503	77814552	5:78042751:T:C	5	78042751	0.851039	-0.00319315	0.0169797	rs60181127	0
cg17462560	5	77814503	77814552	5:78043143:C:G	5	78043143	0.975108	0.000451075	0.0144365	rs689283	0
cg17462560	5	77814503	77814552	5:78043385:G:A	5	78043385	0.976573	0.000423929	0.0144168	rs497579	0
cg17462560	5	77814503	77814552	5:78043724:A:G	5	78043724	0.976487	0.000425389	0.0144135	rs522032	0
cg17462560	5	77814503	77814552	5:78044557:T:C	5	78044557	0.938213	0.00112425	0.0144838	rs550550	0
cg17462560	5	77814503	77814552	5:78044575:T:C	5	78044575	0.938237	0.00112363	0.0144814	rs672520	0
cg17462560	5	77814503	77814552	5:78044921:T:C	5	78044921	0.938598	0.00111667	0.0144763	rs660567	0
cg17462560	5	77814503	77814552	5:78045227:G:T	5	78045227	0.939068	0.00110739	0.014467	rs556839	0
cg17462560	5	77814503	77814552	5:78045652:T:C	5	78045652	0.939498	0.00109902	0.0144598	rs657434	0
cg17462560	5	77814503	77814552	5:78045775:A:C	5	78045775	0.940002	0.00108946	0.0144548	rs2547928	0
cg17462560	5	77814503	77814552	5:78046002:C:T	5	78046002	0.940446	0.00108084	0.0144475	rs4704520	0
cg17462560	5	77814503	77814552	5:78046281:T:C	5	78046281	0.941295	0.0010645	0.0144354	rs2910616	0
cg17462560	5	77814503	77814552	5:78046282:G:A	5	78046282	0.94135	0.00106331	0.0144328	rs2910617	0
cg17462560	5	77814503	77814552	5:78046421:G:A	5	78046421	0.941115	0.00106767	0.014434	rs784457	0
cg17462560	5	77814503	77814552	5:78046434:C:T	5	78046434	0.940524	0.00107846	0.0144347	rs784456	0
cg17462560	5	77814503	77814552	5:78046691:A:T	5	78046691	0.941743	0.00105655	0.0144379	rs814156	0
cg17462560	5	77814503	77814552	5:78046840:G:A	5	78046840	0.938412	0.00111724	0.0144399	rs784455	0
cg17462560	5	77814503	77814552	5:78047189:T:A	5	78047189	0.934797	0.00118357	0.0144474	rs784454	0
cg17462560	5	77814503	77814552	5:78047539:C:T	5	78047539	0.932297	0.00122954	0.0144529	rs485041	0
cg17462560	5	77814503	77814552	5:78048342:T:C	5	78048342	0.446213	0.0102227	0.0133913	rs614451	0.003
cg17462560	5	77814503	77814552	5:78048677:C:A	5	78048677	0.926914	0.00132871	0.0144655	rs613056	0
cg17462560	5	77814503	77814552	5:78049410:C:T	5	78049410	0.994485	0.000100139	0.0144683	rs502936	0
cg17462560	5	77814503	77814552	5:78050593:C:T	5	78050593	0.996806	5.81E-05	0.0144842	rs705413	0
cg17462560	5	77814503	77814552	5:78051223:G:A	5	78051223	0.99741	4.71E-05	0.0144975	rs2173013	0
cg17462560	5	77814503	77814552	5:78051373:C:T	5	78051373	0.997465	4.61E-05	0.0144989	rs546261	0
cg17462560	5	77814503	77814552	5:78052265:T:C	5	78052265	0.987978	0.000218841	0.0145044	rs516943	0
cg17462560	5	77814503	77814552	5:78053061:G:A	5	78053061	0.987516	-0.000227328	0.0145092	rs77295612	0
cg17462560	5	77814503	77814552	5:78053248:G:C	5	78053248	0.807122	-0.00343332	0.0140426	rs166147	0
cg17462560	5	77814503	77814552	5:78055483:T:C	5	78055483	0.76384	0.00558211	0.0185521	rs62377483	0
cg17462560	5	77814503	77814552	5:78058903:G:A	5	78058903	0.978461	-0.000393001	0.0145367	rs72635603	0
cg17462560	5	77814503	77814552	5:78061882:G:A	5	78061882	0.203671	0.0176438	0.0138307	rs62377497	0
cg17462560	5	77814503	77814552	5:78062371:T:C	5	78062371	0.564696	-0.00592533	0.0102705	rs10474566	0.006
