ID	rs6875879	delta	ut	lps
H_713	0	-0.535759769	0.867537844	0.402745969
H_703	0.002	-0.483645553	0.830691296	0.428931145
H_699	0	-0.403831882	0.778710328	0.46424227
H_710	0	-0.429011047	0.82849191	0.473059728
H_605	0	-0.440581482	0.863233176	0.482908624
H_705	0	-0.39141224	0.826020348	0.502705873
H_683	0	-0.390778465	0.840761435	0.512209972
H_704	0	-0.382268362	0.844454839	0.521646471
H_614	0	-0.3758929	0.849382939	0.530105923
H_539	0	-0.315076092	0.775924775	0.531449429
H_698	0	-0.366142536	0.844851254	0.535515274
H_697	0	-0.346805447	0.821049246	0.536304896
H_593	0.001	-0.319618305	0.792723645	0.539354657
H_613	0	-0.364071223	0.851983853	0.541801049
H_638	0	-0.329273424	0.816277466	0.54749899
H_716	0	-0.352879982	0.848781457	0.549263472
H_578	0.008	-0.364413803	0.877314057	0.557608705
H_529	0	-0.350997024	0.86566906	0.561821796
H_635	0	-0.329317093	0.850397303	0.570346936
H_591	0	-0.30855855	0.826676523	0.571598413
H_644	0	-0.303381795	0.823295561	0.573522676
H_554	0.001	-0.326337095	0.852121006	0.574042312
H_688	0	-0.290055585	0.808589113	0.574053325
H_630	0	-0.333440048	0.867592486	0.578302405
H_592	0	-0.276352046	0.802724351	0.580889834
H_606	0	-0.326322467	0.870807849	0.586643683
H_677	0	-0.277058851	0.812840656	0.587635958
H_551	0	-0.316855384	0.86258661	0.589271398
H_617	0	-0.30333734	0.846303878	0.589588311
H_685	0.001	-0.325759878	0.876267517	0.590814718
H_623	0	-0.314984647	0.868456535	0.59490606
H_627	0	-0.286074195	0.838854595	0.598879942
H_573	0	-0.271050716	0.82527827	0.601586004
H_640	1	-0.304414678	0.865263106	0.601864315
H_583	0.002	-0.286794803	0.845465439	0.602990345
H_533	0	-0.290908148	0.850924213	0.603383426
H_611	1	-0.323832904	0.897713582	0.607004386
H_636	0	-0.307545035	0.884255875	0.612307372
H_567	0	-0.280818251	0.851445532	0.612344087
H_571	2	-0.288968902	0.865236852	0.615210309
H_660	0.003	-0.274490357	0.85494001	0.620267222
H_584	0.001	-0.259389939	0.849349658	0.629036902
H_597	0	-0.249670227	0.839963883	0.63024991
H_692	0	-0.272871143	0.867746525	0.630963538
H_641	0	-0.259672624	0.853752725	0.632056514
H_696	0.032	-0.266218053	0.862340586	0.632769954
H_642	0.001	-0.244978097	0.842082062	0.635790401
H_712	0.021	-0.285050532	0.88941663	0.635887946
H_585	0	-0.258272022	0.857547679	0.636067106
H_663	0	-0.259031734	0.859407761	0.636793878
H_581	1	-0.244040249	0.848735587	0.641609944
H_604	0.001	-0.243128204	0.85057243	0.643774283
H_555	0	-0.230752965	0.841449647	0.647282646
H_633	0	-0.227399209	0.838105905	0.647521286
H_647	0	-0.257208707	0.876134886	0.650785365
H_541	0	-0.226821455	0.85549209	0.661448129
H_687	1	-0.246454767	0.881429031	0.664196645
H_594	0	-0.182230663	0.813563084	0.665306944
H_637	0.999	-0.214979875	0.849416757	0.666809249
H_648	0	-0.223714927	0.860497714	0.667991531
H_707	1	-0.219285562	0.85640509	0.668607818
H_602	0	-0.190987085	0.826719415	0.668826684
H_646	0	-0.215231086	0.856305117	0.672001636
H_615	0.118	-0.235501466	0.880210284	0.672919472
H_557	1	-0.185520648	0.826485531	0.6731554
H_600	0.002	-0.174687866	0.818797835	0.675763789
H_564	0.146	-0.206535985	0.852376284	0.676329909
H_671	1.003	-0.08857249	0.742432634	0.676673527
H_549	0.001	-0.180189178	0.826324098	0.677429438
H_595	0.953	-0.169746159	0.816368953	0.677793459
H_694	1	-0.217109261	0.867811931	0.679401924
H_526	1	-0.207900939	0.859479683	0.68079305
H_628	0.001	-0.229637116	0.88417195	0.681133254
H_599	0.996	-0.217486311	0.870693167	0.681329322
H_603	0.999	-0.2301274	0.888619335	0.684123677
H_582	0.998	-0.224468772	0.88272381	0.68457988
H_700	0	-0.190799377	0.846440171	0.684939914
H_706	1.011	-0.221727664	0.880425983	0.685211186
H_610	0.999	-0.216031563	0.874313097	0.685433872
H_562	0	-0.220809368	0.879983381	0.685674806
H_575	0.995	-0.169593449	0.826844359	0.686616972
H_548	0	-0.189378757	0.852368744	0.690948211
H_577	0.999	-0.192455606	0.856153107	0.691381642
H_553	1.004	-0.099856174	0.768317575	0.691596321
H_587	0.999	-0.200622078	0.865870869	0.692158056
H_568	0.004	-0.20114024	0.869910388	0.694936404
H_552	0	-0.179577908	0.849044837	0.696575141
H_550	1	-0.168341696	0.840209976	0.698767604
H_589	1	-0.194609012	0.867743402	0.698872716
H_528	0.998	-0.194534231	0.867735789	0.698931475
H_579	0.01	-0.176861601	0.851091385	0.700566
H_625	0	-0.203868434	0.880738818	0.701183974
H_649	0	-0.178245586	0.853325068	0.701223641
H_631	0	-0.18984375	0.865648455	0.701310506
H_634	0	-0.189973493	0.867780599	0.702925287
H_558	0.003	-0.201690596	0.881641918	0.703823034
H_534	0	-0.199947064	0.882531913	0.706072248
H_586	1	-0.185045062	0.867575956	0.707035309
H_680	0.001	NA	0.699428843	0.707596099
H_691	1	-0.207014126	0.893535815	0.708561279
H_681	0	-0.11094757	0.799366906	0.71067909
H_616	1	-0.165404431	0.852990376	0.711901988
H_612	0.074	-0.157771138	0.849897489	0.715808195
H_686	1	-0.181103411	0.874525079	0.716145604
H_574	0.001	-0.155872704	0.848711424	0.716420479
H_632	0.999	-0.173231467	0.86795513	0.717597989
H_588	0.994	-0.172169351	0.866868242	0.7176201
H_525	0.856	-0.167953779	0.862758169	0.717854674
H_679	0.001	-0.153931593	0.853119084	0.721797105
H_598	1	-0.172206063	0.872927625	0.722604195
H_714	1	-0.170561854	0.872647098	0.723806791
H_643	1	-0.157466924	0.860853581	0.725297616
H_684	0.981	-0.145059786	0.848373144	0.725308317
H_651	0	-0.133679146	0.837965383	0.725946887
H_609	0.999	-0.189571729	0.89638839	0.726458493
H_542	0.999	-0.161089585	0.867977708	0.728155539
H_540	0.999	-0.165946291	0.873368257	0.728436034
H_527	1	-0.14257083	0.852499353	0.730957812
H_689	1	-0.167126881	0.883054246	0.735472144
H_665	0	-0.151220846	0.867372214	0.736207454
H_531	0.999	-0.146342805	0.864256657	0.737778914
H_621	0	-0.161993104	0.881145167	0.738405726
H_662	0	-0.172633119	0.896342256	0.741603897
H_565	1.005	-0.149208107	0.874087717	0.743666743
H_570	1	-0.136132131	0.864694611	0.746981891
H_544	0	-0.089556009	0.820934352	0.747414748
H_693	0.999	-0.137176051	0.86670694	0.747815505
H_563	0.988	-0.115575358	0.847774424	0.749792592
H_596	0	-0.118245248	0.85337816	0.752470248
H_690	1	-0.128781534	0.872201823	0.759878334
H_547	1	-0.126179421	0.872177134	0.762126328
H_672	1	-0.101184829	0.849290097	0.763354824
H_580	1	-0.112881953	0.861458488	0.764215372
H_559	0.002	-0.108031284	0.858846333	0.766064061
H_624	0.002	-0.111463811	0.862600378	0.766451653
H_561	0.62	-0.125840509	0.883738104	0.772528051
H_536	0	-0.132199479	0.893175633	0.77509828
H_569	1	-0.107649828	0.869248205	0.775673786
H_535	0.999	-0.125777754	0.891915722	0.779732566
H_668	1	-0.112684562	0.878865949	0.779831324
H_658	0	-0.083836571	0.851952568	0.780527785
H_673	0	NA	0.863643626	0.781971289
H_650	0.038	-0.108105533	0.882544053	0.787136158
H_661	1	-0.108048638	0.883288122	0.787850044
H_532	1	-0.098348649	0.874755221	0.788724227
H_667	1	-0.09733732	0.87815961	0.792681907
H_678	1.001	-0.080592714	0.865822123	0.796043168
H_652	0.928	-0.06231437	0.851913605	0.798827145
H_545	1	-0.070573712	0.867514286	0.806290583
H_711	1.999	-0.087010691	0.885523312	0.808473317
H_654	0.993	-0.069586076	0.873845072	0.813037622
H_556	1.982	-0.05213926	0.859343499	0.814537965
H_608	1.845	-0.053618544	0.864218004	0.817879893
H_645	0.997	-0.083334346	0.895380057	0.820764145
H_657	1.968	-0.073438315	0.888333423	0.823095713
H_639	0	-0.062577798	0.879119701	0.824106326
H_709	1.999	-0.02124973	0.843351251	0.825430265
H_695	0.454	-0.04591598	0.866790979	0.826991422
H_537	1	-0.060462879	0.880410026	0.827177901
H_622	0.998	-0.043648228	0.865178498	0.827414989
H_607	1	-0.071151913	0.894461911	0.830819235
H_543	0	-0.064044167	0.889396593	0.832435928
H_626	1.807	-0.053398738	0.879713515	0.832737924
H_530	2	-0.066990715	0.893283615	0.833441907
H_715	1.998	-0.067537921	0.896471574	0.835925748
H_708	1	-0.044890329	0.875552501	0.836248661
H_572	0	-0.020478366	0.856041521	0.838511189
H_538	0	-0.066144392	0.898486412	0.839056574
H_664	0.011	-0.050029237	0.884710694	0.840449293
H_618	1.043	-0.045141448	0.881247835	0.841467032
H_619	0.925	-0.021904811	0.862634098	0.843738261
H_675	0.999	-0.03705814	0.877244718	0.844735661
H_560	1.995	-0.014827329	0.860318592	0.847562365
H_566	1	-0.024807513	0.872242536	0.850604368
H_682	0.996	-0.017026778	0.866222296	0.851473321
H_601	1.998	-0.056723685	0.905240797	0.853892203
H_576	1.006	-0.008180864	0.861130838	0.854086044
H_629	1.998	-0.00984416	0.863570853	0.855069724
H_659	2	-0.035949855	0.88873623	0.856786291
H_590	1.939	-0.002747507	0.861328368	0.858961862
H_656	1.996	-0.021935334	0.878403129	0.859135063
H_546	1.997	0.008061569	0.855062758	0.861955905
H_674	1.998	0.030017736	0.839962549	0.865176323
H_670	1.995	-0.006594716	0.872050817	0.866299889
H_653	1	-0.023789304	0.889079123	0.86792855
H_620	2	0.002287955	0.867335965	0.86932039
H_655	2	-0.019706599	0.899212218	0.881491803
H_666	1	-0.00345997	0.886835803	0.883767378
