ID	rs6446553	delta	ut	lps
H_708	0.003	-0.197325976	0.718629949	0.576825593
H_714	0.002	-0.211806382	0.74531287	0.587450848
H_612	0.002	-0.171934761	0.731213788	0.605492721
H_530	1	-0.183884864	0.76924734	0.627794397
H_551	0.997	-0.134596872	0.725956793	0.62824528
H_614	1	-0.153495978	0.743967488	0.629771471
H_705	0	-0.152887169	0.747486505	0.633205409
H_539	1	-0.05700022	0.674153248	0.635726364
H_703	0.999	-0.14491208	0.745557603	0.637517299
H_535	0.001	-0.117162296	0.722942078	0.638240524
H_696	0	-0.11520762	0.721660054	0.638519317
H_619	0.001	-0.14862643	0.756804279	0.644323161
H_706	0	-0.159855452	0.769272668	0.646300238
H_567	0	-0.063082438	0.690010837	0.646483272
H_604	0	-0.119180662	0.734441647	0.646910405
H_711	0	-0.161646878	0.776082366	0.650631074
H_578	0	-0.109768601	0.730946157	0.65071122
H_558	0.001	-0.106929089	0.729151922	0.651184371
H_611	1	-0.130537242	0.75205456	0.653883432
H_600	0	-0.097387042	0.725285675	0.654652248
H_640	2	-0.081950625	0.716451548	0.657737896
H_700	0.01	-0.079533217	0.714799953	0.657949613
H_635	2	-0.084139228	0.719149236	0.658640574
H_562	0	-0.137884643	0.764519059	0.659103622
H_601	0.001	-0.090664978	0.725788615	0.659985006
H_695	0.001	-0.090459172	0.726014929	0.66034022
H_547	0	-0.079722857	0.71819434	0.660937835
H_549	0	-0.032487304	0.683536307	0.661330055
H_698	0	-0.127119698	0.759384872	0.662852097
H_571	2	-0.082977888	0.723329665	0.663309297
H_629	0	-0.100181335	0.737646906	0.663748455
H_610	1	-0.134172429	0.767022775	0.664109466
H_566	1.014	-0.039375243	0.691887539	0.664644299
H_583	1	-0.063892245	0.710469854	0.66507634
H_710	1.002	-0.118271418	0.755057616	0.665755881
H_644	0	-0.096908765	0.737533273	0.666059835
H_540	0	-0.136768134	0.771804036	0.666245838
H_628	1.01	-0.108426691	0.747678103	0.666609841
H_609	1	-0.128943953	0.766971584	0.668075236
H_603	0.001	-0.101190627	0.74368407	0.668430213
H_707	0	-0.136813283	0.775993763	0.669827509
H_554	0.003	-0.058189773	0.714638002	0.673053379
H_606	0	-0.063540946	0.718761182	0.673090417
H_529	0.999	-0.096802691	0.748853079	0.676362086
H_553	1	0.010932371	0.669759938	0.677082001
H_541	0	-0.098199915	0.752463137	0.678571321
H_575	1	-0.072635151	0.732559225	0.679349675
H_652	0	-0.084562142	0.743373902	0.680512612
H_552	1	-0.113706825	0.768907298	0.68147729
H_627	1	-0.130522406	0.783975644	0.681649257
H_582	1	-0.050426802	0.718835547	0.68258697
H_527	2	-0.123900049	0.780188299	0.683522931
H_595	0.999	-0.046167562	0.716809341	0.683716002
H_565	2	-0.103855726	0.763594664	0.684290986
H_642	0.171	-0.094937203	0.756222544	0.684428891
H_550	1	-0.032632365	0.708519273	0.685398613
H_525	1.001	-0.06263669	0.73337838	0.687441986
H_581	2	-0.034789826	0.712292308	0.687511782
H_713	1	-0.071353052	0.741362866	0.688464362
H_716	0	-0.072831666	0.743316877	0.689179871
H_544	1	-0.065204075	0.737842583	0.68973224
H_528	0	-0.044194406	0.721669795	0.689776027
H_704	1.003	-0.061696736	0.735298433	0.68993292
H_596	1	-0.045430395	0.72448014	0.691566721
H_683	0	-0.113342889	0.780072545	0.691656869
H_673	1.001	NA	0.74399726	0.692394458
H_573	1	-0.06613077	0.742004742	0.692935397
H_576	0	-0.085031521	0.757823231	0.693384369
H_681	0.001	-0.071386705	0.746846088	0.693531206
H_564	0	-0.012418635	0.703286199	0.694552344
H_588	0	-0.054996469	0.735009734	0.694586794
H_602	0.001	-0.062174653	0.741613091	0.695503554
H_622	1.003	-0.054178694	0.735440105	0.69559492
H_648	1	-0.029297132	0.716815883	0.695815233
H_593	0.999	-0.06540169	0.744816421	0.696104169
H_638	1	-0.109007018	0.782330852	0.697051299
H_568	1	-0.076109457	0.75594313	0.698408709
H_569	1.434	-0.049392398	0.735071786	0.698764828
H_712	1.001	-0.083825655	0.763287152	0.699304106
H_548	0.001	-0.003471643	0.702898861	0.700458647
H_577	2	-0.037960004	0.728283258	0.700637623
H_709	1	-0.114788771	0.791503699	0.700647962
H_574	1	-0.06291512	0.748120613	0.701052515
H_563	1	-0.100457002	0.7796792	0.701354964
H_632	1	-0.073030999	0.757022153	0.701736069
H_572	0.001	-0.03998304	0.731117935	0.701885617
H_637	0	-0.071269278	0.755838328	0.701970277
H_605	1	-0.044142362	0.734881686	0.702442272
H_615	1	-0.060753253	0.748591805	0.703112417
H_613	0.004	-0.040527378	0.733731931	0.7039957
H_594	1	-0.01487074	0.714977756	0.704345508
H_715	2	-0.076372769	0.763025055	0.70475072
H_608	2	-0.111973374	0.79377759	0.704895635
H_570	0	-0.05202256	0.743991483	0.705287141
H_589	1	-0.041944539	0.7362844	0.70540129
H_546	0.004	-0.010318537	0.713832644	0.706466936
H_560	2	-0.093725012	0.780548637	0.707391706
H_646	1	-0.069193832	0.76007255	0.707480218
H_533	1	-0.057837341	0.751331979	0.707876936
H_579	2	-0.054178918	0.748630166	0.708070194
H_626	1	-0.039140851	0.736948514	0.708103722
H_647	1	-0.030249835	0.731175141	0.709057213
H_618	0.013	-0.053792058	0.751327164	0.710911729
H_621	1	-0.010688486	0.718689157	0.711007458
H_561	0	-0.0509783	0.749523475	0.711314043
H_641	1	-0.070256931	0.766573363	0.712716271
H_684	0.001	-0.057472004	0.756192365	0.712732474
H_620	1	-0.069515134	0.766802893	0.713498487
H_591	1	-0.07230024	0.770261972	0.714571846
H_590	0	-0.036809371	0.745092038	0.717665669
H_545	0.007	-0.049067011	0.755704952	0.718624769
H_616	0.997	-0.046466944	0.755857289	0.720734911
H_584	2	-0.027799632	0.741678217	0.721059835
H_686	0.995	-0.064725883	0.771334819	0.721409492
H_559	0	-0.049671456	0.759186931	0.721477011
H_634	1	-0.035736837	0.749453205	0.722670118
H_660	1	-0.054999306	0.76582762	0.723707632
H_617	0.999	-0.041622834	0.755247023	0.723811501
H_668	1	-0.03837617	0.754043667	0.725106359
H_556	0.001	-0.07238174	0.782758812	0.726101367
H_697	1.008	-0.07311504	0.784525511	0.727164897
H_592	1	-0.078567294	0.789646391	0.727606011
H_643	1	-0.066816958	0.779846585	0.727739608
H_688	1	-0.071376629	0.783713985	0.727775122
H_662	1	-0.059945801	0.77432017	0.727902927
H_586	2	-0.049679426	0.76837905	0.73020642
H_531	0.001	-0.009025285	0.737930974	0.731270937
H_693	1	-0.024261484	0.750822397	0.732606331
H_654	1.002	0.002235862	0.730977866	0.732612232
H_649	0	-0.035806609	0.759933927	0.73272327
H_682	0	0.007826729	0.727349817	0.733042587
H_659	2	-0.002034559	0.734571569	0.733077039
H_674	2	-0.037912104	0.762192617	0.733296291
H_645	0.001	-0.054667049	0.776336279	0.733896266
H_656	1.001	0.009551968	0.727476057	0.734424885
H_636	0.005	-0.064037597	0.785008655	0.734738587
H_555	1.036	-0.033705553	0.7608263	0.735182228
H_653	2	-0.041159186	0.768040986	0.736429044
H_624	1	-0.032487705	0.76205054	0.737293268
H_679	0	-0.002333897	0.740610594	0.738882085
H_633	2	-0.058353773	0.784984939	0.739178106
H_689	1	-0.024624516	0.758227683	0.739556693
H_690	1.002	-0.039003515	0.770499868	0.740447665
H_623	2	-0.032274433	0.765814985	0.74109874
H_526	1	-0.000638706	0.742069373	0.741595409
H_650	1	-0.032661793	0.767606821	0.742535406
H_630	1	-0.009585053	0.751595305	0.744391224
H_598	1	-0.081085317	0.811359912	0.745570536
H_587	2	-0.018183893	0.76005818	0.746237364
H_599	2	0.007117258	0.741984088	0.74726498
H_532	0.976	-0.014970674	0.759014245	0.74765129
H_557	1	-0.016752299	0.760454863	0.747715496
H_691	1.003	-0.037011479	0.777813538	0.749025508
H_607	2	-0.044783474	0.784723069	0.749580443
H_580	2	-0.0404206	0.781166112	0.749590909
H_677	1	-0.04918292	0.788554475	0.749771063
H_657	1	-0.021683298	0.766859187	0.750231151
H_664	1	-0.008222136	0.756732968	0.750511006
H_597	0.012	-0.015182964	0.762083703	0.750513014
H_639	0	-0.051610765	0.791470643	0.750622238
H_625	1	0.004881588	0.747253265	0.750901048
H_585	2	-0.05082867	0.793670221	0.753329019
H_534	1.001	-0.010945983	0.761799131	0.753460491
H_666	1	-0.024271129	0.772307273	0.753562504
H_685	2	-0.04776104	0.79198223	0.754156335
H_670	1	-0.014547886	0.767393707	0.756229751
H_536	2	-0.00900039	0.764611391	0.75772959
H_663	1	-0.00418095	0.762210507	0.759023742
H_537	2	-0.034361895	0.786355456	0.759334792
H_680	1.001	NA	0.620872524	0.759704597
H_543	1.032	-0.012863775	0.769837774	0.759934754
H_687	2	-0.002923573	0.764164482	0.761930391
H_661	1	0.003267083	0.760470912	0.762955433
H_675	1	0.026614843	0.746408764	0.766274317
H_678	1	0.005259361	0.766647955	0.770680033
H_542	1	-0.045007857	0.810807002	0.774314317
H_651	1	0.005586292	0.770104282	0.77440631
H_699	1.999	-0.010348272	0.782904955	0.774803242
H_671	1.001	0.023195636	0.759424084	0.777039408
H_655	1	-0.027502351	0.803425299	0.781329214
H_665	2	0.032692899	0.756822144	0.781564854
H_672	2	-0.001332982	0.788212912	0.787162238
H_667	1.001	-0.034211071	0.830076244	0.801678447
H_658	1	0.003645564	0.803557145	0.806486564
H_692	2	0.038057031	0.784408275	0.814260525
H_631	2	0.003817035	0.827713068	0.830872478
H_694	2	-0.00862904	0.849097152	0.841770258
H_538	0.998	0.017699299	0.827351899	0.841995448
