geno tbc1d14.ut tbc1d14.lps24
0.762 10.50991827 NA
0 10.42695898 10.69842024
1 9.831516668 9.865079242
0 10.04369575 NA
1 10.0749518 NA
1 10.17404362 NA
0 10.17829261 NA
2 10.49062672 NA
2 10.39317855 NA
2 10.52517598 NA
0 10.14420182 NA
1 10.47473099 NA
0 10.63512049 NA
0 10.4646811 NA
0 10.36551299 NA
0 10.07371311 NA
1 10.39262923 NA
0 10.5313784 NA
2 10.44441676 NA
1 10.42733414 NA
1 10.06291187 NA
1 10.21051917 NA
1 10.22131666 NA
1 10.64490202 NA
1 10.72980558 NA
0.002 10.5432614 NA
1 10.74941841 NA
0 10.44687299 NA
1 10.29653425 NA
1 10.56153234 NA
0 10.63436085 NA
1 10.59675361 NA
1 10.49081284 NA
0 10.54171355 NA
2 10.38317177 NA
1 10.61373901 NA
1 10.84227688 NA
1 10.87194135 NA
0 10.55107247 NA
1.999 10.21076934 NA
1 10.69406821 NA
1 10.29685657 NA
2 10.8183186 NA
1 10.24203748 NA
0 10.40050323 NA
0.996 10.30587686 NA
0 10.45497324 NA
0.999 10.25639809 NA
1 10.62770548 NA
1 10.47915908 NA
2 10.68709309 NA
0 10.30040076 NA
1 10.62619852 NA
1 10.32932025 NA
2 10.5823196 10.48729425
0 10.54898907 10.97060298
0 10.68457458 10.30382592
0 10.65442281 11.03897136
1 10.39665028 10.68232793
1 10.3999943 10.66580182
2 10.43144536 10.742803
0 10.62525986 10.82710431
1 10.49658818 10.98725302
1 10.78320995 11.16815992
1 10.74655177 10.817069
1 10.65990074 11.0011884
0 10.69334559 10.97701961
1 10.54122354 NA
1.47 10.91241269 10.54620102
1 10.30208528 10.96108099
0 10.56174434 10.99615728
1 10.35831796 11.08291547
0 10.53882872 11.03172412
0 10.51488554 NA
0 9.889286797 NA
0 10.71010041 10.92914431
0 10.52943247 10.67953452
0 10.53652403 10.4898572
1 9.993594484 10.83356688
0 10.63326437 10.88058176
0 10.57370421 10.49997914
2 10.2423198 10.85257664
1 10.34229361 10.80296578
1 10.50777532 10.92659909
1 NA 10.61010439
1 10.59243181 10.54234306
0 10.29359257 NA
1 10.82150713 10.68249995
1 10.63305372 10.43896825
0.811 10.1728061 10.537453
0.007 10.67278543 10.87233153
1 10.45779844 10.77267141
0 10.53367983 10.7691654
0 10.57521942 11.17295948
0 10.81297616 10.85994503
1 10.55485062 NA
0 10.8682738 10.87969693
0.997 10.64161589 10.18771342
1 10.7981928 10.97491142
0 11.02975251 NA
2 11.08610133 10.40268072
1 10.90878279 11.08240811
0 10.85833225 10.78128512
1.984 10.53617332 NA
1 10.12542373 10.39631416
0 10.52088494 NA
1 10.35057198 10.84800916
1 10.57387953 10.84983587
2 10.28587846 10.30292554
1 10.59968991 NA
1 10.64303896 10.65879309
0 10.65856998 10.34895069
0 10.81606334 10.92712658
1 10.30016085 10.87900863
2 10.57150186 10.74261408
0 10.83568442 11.03922548
1 10.43160019 11.06552146
2 10.83914884 10.97073759
1 10.53251539 10.70696933
0 10.40413526 11.22852654
1 10.84957279 NA
2 10.9204065 10.83578871
1 10.50819106 10.82243456
0 10.60720263 11.04358805
1 11.0146761 11.01014849
1 10.51532307 11.07929129
1.999 10.47091523 11.21055689
1 10.64998537 10.76768448
2 10.34349415 10.55618341
1 10.67245059 NA
0 10.50576643 NA
1 10.64233047 NA
1 10.82530846 10.85612204
0 10.31594898 10.99172309
2 10.34560787 10.59351853
1 10.64083719 10.78794437
0.985 10.7345417 10.64590129
0 10.00471066 NA
1 10.39542409 10.83577349
1 10.71001456 NA
2 10.31511223 10.92449044
1 10.91503231 10.96115229
0 10.81950954 10.75197401
0 10.93691428 10.78781291
0 11.12855014 11.0212157
1 10.62042251 10.81462944
2 10.59321121 10.15220586
1 10.76943089 NA
1 10.64751059 11.00749825
1 10.95270972 10.97002578
0 10.71354177 10.93840705
0 10.64771289 11.29509531
2 10.45500008 10.89959015
0 10.48316639 11.07471453
1.995 10.6944676 10.8592119
0.999 10.67743879 10.81568775
0 10.89012459 10.80765359
0 10.76629468 10.7744431
0 10.76813583 NA
0 10.83459957 11.22638425
0 10.92133867 NA
0 10.29633859 NA
0.011 10.42249445 11.08725855
1 10.37577782 11.31999123
0 10.36625343 10.99284912
1 10.68577014 10.66434466
1 10.59772884 10.89641434
1 10.14316718 10.67313212
0 10.5675031 10.96477071
1 10.12214263 10.93801302
1 10.5050271 11.19014539
1 10.77188738 11.38304883
0 10.80104526 10.75201852
0 10.45798396 10.72476537
1 10.39242687 11.05826756
1 10.47113642 11.02175624
0 10.23303608 10.98201227
1 10.29533532 10.94175904
1 10.55225108 11.27813495
2 10.32270886 10.26073119
0 10.05371835 11.06132449
0 10.03308898 10.98838985
1 10.17472581 11.16961564
1 10.23623844 11.1363938
1 10.41548874 10.94693159
0 10.02974935 11.18099204
1 NA 11.16766304
1 9.741937888 10.81843286
1 9.869985778 11.22505585
2 10.30921447 10.93187112
0 10.08267608 11.45007896
1 10.3631791 10.6111207
1 10.18552713 11.03521242
0 10.65620323 11.26314861
0 10.45034822 10.79905812
1 10.38546305 11.1728798
0 10.58502122 11.19753658
1 10.53639103 10.98795556
0 10.70692723 11.33182328
1 10.67267455 10.74546819
2 10.36559592 11.10972956
0 10.36422507 10.97087544
0 10.33783217 11.02277611
1 10.34998833 10.99764591
0 10.38640836 10.78283546
0 10.52562291 10.57571569
1 10.51627881 10.91881907
2 10.28061257 11.16053551
0 10.81198705 11.00411452
1 10.51114106 11.22927957
1 10.33664808 10.70498014
1 10.10613924 NA
1 10.56635636 10.58511381
0 10.86977689 11.2478619
1 10.60151416 10.69997197
2 10.55053352 11.06587396
2 10.3517395 11.03534729
1 10.73544932 11.15776511
2 10.36319539 11.14671438
0 10.90719078 10.6697627
1 10.3217759 10.8548568
0 10.57659255 11.08148618
1 10.3719931 10.5133258
0 10.47885325 10.70253783
1 10.52270906 10.86918819
0 10.62345021 10.75676475
0.996 10.53506473 10.43543636
0 10.31881646 11.13383751
1 10.50005249 10.73809291
0 10.85865967 11.0164071
0 10.39907064 10.99403734
0 10.41043988 11.00918114
0 10.73106068 10.87727156
1 11.03162411 11.16821471
1 10.29051636 10.70718495
0 10.23522889 10.95015242
1 10.48106795 10.97661295
0 10.67410467 10.74374985
2 10.41996025 NA
0 10.61704371 11.32919684
2 10.2410728 11.30310341
1 10.37663029 11.36704049
1 10.55352051 11.02549212
1 10.63113565 11.15166345
0 11.09008616 11.14891452
1 11.01153744 11.12247216
1 10.33926667 11.19249119
2 10.05774237 NA
2 10.3796047 11.18512522
0 10.34340649 10.77488694
1 10.16746497 NA
0 10.55296685 11.17775236
0 10.3694816 11.19515282
0 10.5733627 11.27770955
0 10.11504574 11.09615354
2 10.44223917 10.84065284
1 10.71091981 11.01967054
0 10.85761703 11.46991161
0 10.44736386 11.00848149
1 10.6381945 11.26348613
0 10.3728433 10.92701891
1 10.24567793 10.59704502
0 10.23466783 11.32411369
0 10.35882662 11.14033382
0 10.27840902 11.04185401
1 10.80201606 10.83847521
0 10.6232032 10.89512212
1 10.42032149 11.17759251
0 10.9364634 11.16561352
0 10.90704802 11.07616605
0 10.23786226 10.60336965
0 10.29650949 NA
1 10.50204948 10.74826932
0 10.5368983 11.11098005
1 10.5518713 10.63165526
1 9.903640962 10.73342469
1 10.07188271 11.18955577
2 10.71210857 NA
2 10.8212446 11.08081644
2 10.72343799 11.11256926
0 10.54022397 NA
1 10.62645243 11.32429625
0 10.75532532 10.98472296
0 10.68068138 NA
0 10.27967021 11.06020269
0 10.28902059 11.09580259
1 10.42336433 10.44425282
0 10.39757324 11.24701704
2 10.27830201 10.63867454
1 10.30007431 11.05637991
1 10.4415776 10.48800127
2 10.41715406 10.97970748
0 10.48802763 11.39535236
0 NA NA
0 10.45830008 10.94660022
1 NA NA
1 10.22444708 11.30455729
0 10.53825797 10.93479835
0 10.38782106 10.86327619
1 10.53025255 10.50103037
0 10.23220026 11.08832484
1 10.77467662 10.82757747
2 10.57555011 10.46853371
1 10.57292529 11.18106217
2 10.68746055 10.68444938
0 10.49340695 11.26260624
2 10.30451414 10.9618092
0 10.56046931 11.27342865
1 10.70208013 10.99434727
2 10.58135253 11.11344952
2 10.48174857 11.52081662
0 10.44455464 11.40619343
1 10.47079781 11.0063769
1 10.51025173 11.19630239
0 10.51645642 10.77137369
1 10.58598485 10.52596092
0 10.53201199 10.56167284
2 10.53522302 10.63657486
0 10.45256403 NA
0 10.24255628 10.92216741
1 10.43621661 11.29155247
2 10.3707695 10.47680289
0 10.4905025 10.77294527
0.925 NA 10.78796325
2 10.41388847 NA
2 10.423613 10.76878487
1 10.35253785 NA
0.097 10.48607652 10.73516603
1 10.68168685 10.80064926
1 10.60185669 NA
0 10.3019314 11.1495314
1 10.47074403 10.75307859
2 10.68501751 10.09582855
1 10.41694836 10.14945073
0 10.47430837 10.33516701
0.996 10.11228903 10.80906524
0.942 10.69116998 10.40391756
0 10.48395036 10.69014383
0 10.22508635 10.8686792
1 10.54784327 11.04283725
1 10.59406792 10.96340027
1 10.35464589 10.39908505
1 10.69574319 10.29842895
1.463 10.41048001 11.1044285
1 10.49676428 10.33266411
2 10.1246381 10.2634964
1 10.39772718 NA
0 10.39759725 10.58926124
1 10.16323227 10.73561689
0 10.63005721 10.91045117
2 10.6850587 10.81745305
0 10.56532786 10.83681539
1 10.53051814 10.53875042
1.02 10.35779613 10.4415029
0.213 10.56705864 10.472667
1 10.28276809 NA
0 10.36165796 10.69408885
0.023 10.59959186 10.81667513
1 10.65468047 10.94148534
1 10.64764115 10.44208498
0 10.61075533 10.29784472
2 NA NA
0 10.52609409 11.07654651
0 10.2892181 11.02289792
0 10.36458658 10.44873394
2 10.15495777 NA
1 10.57868702 10.6497726
0 10.79877837 11.09818702
0 10.35525277 11.08080539
1.991 10.77572437 10.88404568
1 10.57554335 10.87364903
1 10.35518424 10.8730284
1 10.35626978 10.40083409
1 10.4077751 NA
1 10.39537686 NA
0 10.26281336 10.40041375
0 10.80742853 10.60470334
2 10.39850771 NA
1 10.62595288 10.44164883
2 10.16977672 NA
2 10.54545704 10.26712166
1 10.61950027 10.08611826
1 10.55843227 10.20283992
1 10.62306185 10.6467497
0 10.37014276 10.70870093
0 10.34501141 10.19575854
1 10.26026524 10.57939763
1 10.54042194 10.02602989
1 10.68582602 10.39296136
2 10.54257932 10.1165524
1 10.63378043 10.60104289
2 10.24410106 10.42083473
0 10.61185119 10.2586628
1 10.73332878 10.57875791
0 10.73430863 NA
1 10.45489833 10.49832641
1 10.52250833 10.40559031
0 10.45572778 10.70257774
0 10.5158098 NA
0 10.57410223 10.76915358
0 10.4027897 10.46677482
2 10.86374914 10.53691668
1 10.73328805 10.27399936
0 NA 10.7508077
1 10.83731338 NA
1 10.68934074 10.44863786
1 10.52962666 11.0295691
2 10.65505955 11.11204353
1 10.7965574 10.7876977
1 10.64174075 NA
1 10.46731923 11.15120493
1 10.74761853 10.99367283
1 10.85911903 10.48358563
0 10.3382555 11.17239267
0 10.56582597 11.34641008
1 10.59002455 NA
1 10.74198889 NA
0 10.6283125 10.91772843
0 10.74968775 10.64321109
1 10.59973481 11.01119935
1 10.57594601 10.43764155
