phe_id phe_chr phe_from phe_to var_id var_chr var_from cpg.p cpg.beta cpg.se lca.p lca.beta lca.se rsid r2
cg16885113 6 29648507 29648556 6:29448128:A:G 6 29448128 0.13611 -0.00838576 0.00560175 0.241370950136051 0.0476066 0.040965 rs114406136 0.064
cg16885113 6 29648507 29648556 6:29493086:C:G 6 29493086 0.255903 0.00682313 0.0059869 0.213699251001555 0.0513896 0.041793 rs115286515 0.025
cg16885113 6 29648507 29648556 6:29531288:C:T 6 29531288 0.00359938 -0.0176245 0.00597597 0.119421906457306 0.0609248 0.040028 rs148589791 0.118
cg16885113 6 29648507 29648556 6:29554829:T:C 6 29554829 0.528571 0.00389407 0.00616748 0.643764464267057 -0.0231816 0.046649 rs114383434 0.012
cg16885113 6 29648507 29648556 6:29557642:C:A 6 29557642 0.635912 -0.00426242 0.00898844 0.335689687669647 0.0539653 0.05603 rs115503606 0.015
cg16885113 6 29648507 29648556 6:29584448:C:T 6 29584448 0.506991 0.00562139 0.00845537 0.964572109081034 0.00202595 0.043729 rs114536520 0.002
cg16885113 6 29648507 29648556 6:29614405:T:C 6 29614405 0.402288 0.00520717 0.00620283 0.503139020552349 0.0280937 0.041426 rs146950657 0.013
cg16885113 6 29648507 29648556 6:29616035:T:A 6 29616035 0.403223 0.00519641 0.00620234 0.487209782784769 0.0291014 0.041401 rs114273413 0.013
cg16885113 6 29648507 29648556 6:29620775:G:A 6 29620775 0.363963 -0.00587059 0.00645053 0.621691600818583 -0.0194193 0.037143 rs114069970 0.019
cg16885113 6 29648507 29648556 6:29621536:T:A 6 29621536 0.301787 0.00654102 0.00631667 0.963995929309098 0.00204291 0.043407 rs114244933 0.013
cg16885113 6 29648507 29648556 6:29622760:G:A 6 29622760 0.363963 -0.00587059 0.00645053 0.618051977046146 -0.0196243 0.037139 rs149851804 0.019
cg16885113 6 29648507 29648556 6:29638434:A:G 6 29638434 0.0888071 0.00636638 0.00372133 0.00483103295448603 -0.0668142 0.021662 rs1122947 0.028
cg16885113 6 29648507 29648556 6:29639776:C:T 6 29639776 0.353109 0.00431986 0.00464036 0.0772164800111399 -0.0493625 0.025874 rs9257936 0.018
cg16885113 6 29648507 29648556 6:29640039:G:A 6 29640039 0.0894053 0.00635374 0.00372095 0.00478002315069345 -0.0668901 0.021659 rs1984840 0.028
cg16885113 6 29648507 29648556 6:29641329:G:A 6 29641329 0.932955 0.000615078 0.00730127 0.728594687016944 -0.0138647 0.037901 rs61730330 0.007
cg16885113 6 29648507 29648556 6:29644040:C:T 6 29644040 1.34187e-06 -0.0167695 0.00335514 2.84001085502031e-06 0.102348 0.023688 rs374317 0.861
cg16885113 6 29648507 29648556 6:29644502:C:T 6 29644502 1.34187e-06 -0.0167695 0.00335514 2.84001085502031e-06 0.102349 0.023688 rs375984 0.861
cg16885113 6 29648507 29648556 6:29644633:C:T 6 29644633 1.34187e-06 -0.0167695 0.00335514 2.84001085502031e-06 0.102351 0.023688 rs376319 0.861
cg16885113 6 29648507 29648556 6:29644970:T:C 6 29644970 0.363963 -0.00587059 0.00645053 0.663382483707726 -0.0169478 0.036858 rs55693745 0.019
cg16885113 6 29648507 29648556 6:29645038:C:A 6 29645038 1.34187e-06 -0.0167695 0.00335514 2.81002381128697e-06 0.102394 0.023689 rs2535238 0.861
cg16885113 6 29648507 29648556 6:29645118:G:C 6 29645118 1.34187e-06 -0.0167695 0.00335514 4.24004045211567e-06 0.100385 0.023607 rs2747421 0.861
cg16885113 6 29648507 29648556 6:29645532:A:G 6 29645532 0.363963 -0.00587059 0.00645053 0.663549001516675 -0.0169387 0.036858 rs116211033 0.019
cg16885113 6 29648507 29648556 6:29645613:C:A 6 29645613 2.23783e-07 -0.0188126 0.00349632 1.49999565138204e-05 0.0978914 0.024383 rs3129063 1
cg16885113 6 29648507 29648556 6:29645634:C:T 6 29645634 1.34187e-06 -0.0167695 0.00335514 2.81002381128697e-06 0.1024 0.023689 rs387642 0.861
cg16885113 6 29648507 29648556 6:29645937:C:T 6 29645937 1.34187e-06 -0.0167695 0.00335514 2.81002381128697e-06 0.1024 0.023689 rs3129062 0.861
cg16885113 6 29648507 29648556 6:29645989:A:C 6 29645989 0.363963 -0.00587059 0.00645053 0.633436376378126 -0.0185113 0.036689 rs4085262 0.019
cg16885113 6 29648507 29648556 6:29646165:C:T 6 29646165 1.20669e-05 -0.0139504 0.00310068 0.000138000290302473 0.0754636 0.020933 rs396660 0.542
cg16885113 6 29648507 29648556 6:29646201:T:C 6 29646201 0.363963 -0.00587059 0.00645053 0.664019754861312 -0.0169132 0.036858 rs3906306 0.019
cg16885113 6 29648507 29648556 6:29646790:C:T 6 29646790 0.088762 0.0063716 0.00372385 0.00383901668820889 -0.0684844 0.021607 rs2747425 0.028
cg16885113 6 29648507 29648556 6:29646879:T:C 6 29646879 1.20669e-05 -0.0139504 0.00310068 0.000138000290302473 0.0754692 0.020933 rs445150 0.542
cg16885113 6 29648507 29648556 6:29647149:G:T 6 29647149 0.363963 -0.00587059 0.00645053 0.664255256759413 -0.0169 0.036858 rs3870968 0.019
cg16885113 6 29648507 29648556 6:29647515:T:A 6 29647515 0.363963 -0.00587059 0.00645053 0.66430573231741 -0.016898 0.036858 rs62392953 NA
cg16885113 6 29648507 29648556 6:29647545:T:C 6 29647545 1.34187e-06 -0.0167695 0.00335514 2.4900037433882e-06 0.104054 0.023981 rs448380 0.861
cg16885113 6 29648507 29648556 6:29647628:T:A 6 29647628 7.56998e-07 -0.0158154 0.00308742 3.70996660190922e-05 0.0835495 0.021575 rs416568 0.596
cg16885113 6 29648507 29648556 6:29647642:T:C 6 29647642 1.34187e-06 -0.0167695 0.00335514 2.61999220977276e-06 0.102715 0.023697 rs448489 0.861
cg16885113 6 29648507 29648556 6:29647715:C:T 6 29647715 0.210285 0.00455316 0.00362174 0.161328092925443 -0.0299377 0.020317 rs17369215 0.118
cg16885113 6 29648507 29648556 6:29647727:G:A 6 29647727 0.363963 -0.00587059 0.00645053 0.66149109182267 -0.0170007 0.036754 rs62392954 0.019
cg16885113 6 29648507 29648556 6:29647820:A:T 6 29647820 0.363963 -0.00587059 0.00645053 0.661515462504026 -0.0169997 0.036754 rs62392955 0.019
cg16885113 6 29648507 29648556 6:29648119:A:G 6 29648119 1.49164e-06 -0.0168117 0.00337927 2.58000174677587e-06 0.102785 0.023699 rs2747427 0.861
cg16885113 6 29648507 29648556 6:29648120:G:A 6 29648120 0.386926 0.00317368 0.00365941 0.286069791867084 -0.0232236 0.020823 rs17184549 0.115
cg16885113 6 29648507 29648556 6:29648126:C:G 6 29648126 1.49164e-06 -0.0168117 0.00337927 2.58000174677587e-06 0.102785 0.023699 rs2747428 0.861
cg16885113 6 29648507 29648556 6:29648137:G:A 6 29648137 1.70928e-06 -0.0167336 0.00338399 2.58000174677587e-06 0.102785 0.023699 rs417764 0.861
cg16885113 6 29648507 29648556 6:29648199:C:T 6 29648199 2.23783e-07 -0.0188126 0.00349632 1.3699982108827e-05 0.0983537 0.024396 rs3129058 1
cg16885113 6 29648507 29648556 6:29648377:T:C 6 29648377 1.34187e-06 -0.0167695 0.00335514 2.54999894056565e-06 0.102823 0.023699 rs2747429 0.861
cg16885113 6 29648507 29648556 6:29648398:G:C 6 29648398 7.56998e-07 -0.0158154 0.00308742 3.5799750506908e-05 0.0837132 0.021578 rs365052 0.596
cg16885113 6 29648507 29648556 6:29648468:C:T 6 29648468 0.00863694 -0.00814981 0.00307012 0.480164446691718 0.0129627 0.0178 rs3129057 0.31
cg16885113 6 29648507 29648556 6:29648506:G:A 6 29648506 1.20669e-05 -0.0139504 0.00310068 0.000138998463642391 0.0754377 0.020931 rs2747430 0.542
cg16885113 6 29648507 29648556 6:29648564:C:T 6 29648564 7.56998e-07 -0.0158154 0.00308742 3.47000419640784e-05 0.0838493 0.02158 rs2747431 0.596
cg16885113 6 29648507 29648556 6:29648895:C:G 6 29648895 0.123092 0.00494624 0.00319312 0.000581005174118754 -0.0668912 0.017834 rs2747432 0.072
cg16885113 6 29648507 29648556 6:29648934:C:T 6 29648934 0.363963 -0.00587059 0.00645053 0.664896428287077 -0.0168654 0.036857 rs62392956 0.019
cg16885113 6 29648507 29648556 6:29648941:A:G 6 29648941 0.00863694 -0.00814981 0.00307012 0.447456684152075 0.0139529 0.017791 rs416571 0.31
cg16885113 6 29648507 29648556 6:29649049:A:C 6 29649049 0.73768 0.00219281 0.00653724 0.107766058747503 -0.0643465 0.036083 rs112470363 0.007
cg16885113 6 29648507 29648556 6:29649056:C:T 6 29649056 0.123092 0.00494624 0.00319312 0.000554996187777031 -0.0671243 0.017829 rs3129054 0.072
cg16885113 6 29648507 29648556 6:29649093:G:A 6 29649093 0.103231 0.00557049 0.00340179 0.00106698914215558 -0.0691411 0.019307 rs3131848 0.038
cg16885113 6 29648507 29648556 6:29649105:G:A 6 29649105 0.123092 0.00494624 0.00319312 0.000550997971501485 -0.0671649 0.017829 rs3131847 0.072
cg16885113 6 29648507 29648556 6:29649190:A:G 6 29649190 0.123092 0.00494624 0.00319312 0.000554000300120058 -0.0671403 0.01783 rs3095289 0.072
cg16885113 6 29648507 29648556 6:29649219:G:A 6 29649219 0.363963 -0.00587059 0.00645053 0.682068511067733 -0.0159495 0.036891 rs62392957 0.019
cg16885113 6 29648507 29648556 6:29649547:T:C 6 29649547 0.00863694 -0.00814981 0.00307012 0.471677326240985 0.0132149 0.017797 rs385492 0.31
cg16885113 6 29648507 29648556 6:29649609:G:A 6 29649609 0.036425 0.00700283 0.00332274 0.000547999295295588 -0.0714777 0.018861 rs2982836 0.045
cg16885113 6 29648507 29648556 6:29649632:G:T 6 29649632 0.0895382 0.00635072 0.00372074 0.00355803323139701 -0.0691025 0.02161 rs2982837 0.028
cg16885113 6 29648507 29648556 6:29649800:G:A 6 29649800 0.123101 0.0049461 0.0031931 0.000712000010431996 -0.0661451 0.017936 rs2982839 0.072
cg16885113 6 29648507 29648556 6:29659400:C:G 6 29659400 0.366666 -0.0058385 0.00645162 0.694490005295747 -0.0152649 0.036852 rs138358844 0.019
cg16885113 6 29648507 29648556 6:29659591:C:T 6 29659591 0.00425111 -0.0178945 0.00618127 0.556833044521985 0.0256502 0.042925 rs114882073 0.188
cg16885113 6 29648507 29648556 6:29677746:T:C 6 29677746 0.365141 -0.00585663 0.00645105 0.699442471540208 -0.015004 0.036862 rs116285516 0.019
cg16885113 6 29648507 29648556 6:29678109:T:C 6 29678109 0.364804 -0.00586064 0.00645091 0.699194494534405 -0.0150172 0.036861 rs115651465 0.019
cg16885113 6 29648507 29648556 6:29680714:C:T 6 29680714 0.371143 -0.005785 0.00645267 0.699551995869383 -0.0149989 0.036861 rs114468601 0.019
cg16885113 6 29648507 29648556 6:29684994:T:C 6 29684994 0.891865 -0.000720026 0.00528912 0.285451283431639 -0.0298429 0.026389 rs7759272 0.037
cg16885113 6 29648507 29648556 6:29685025:C:T 6 29685025 0.895331 -0.00069827 0.00530021 0.215412053089001 -0.0365291 0.027625 rs7738919 0.037
cg16885113 6 29648507 29648556 6:29685026:A:G 6 29685026 0.894206 -0.000705821 0.00530022 0.226939973597314 -0.0357318 0.027724 rs7738786 0.037
cg16885113 6 29648507 29648556 6:29685105:G:T 6 29685105 0.888536 -0.000742392 0.00528955 0.285187180782637 -0.0298594 0.026389 rs7739360 0.037
cg16885113 6 29648507 29648556 6:29685155:G:C 6 29685155 0.872437 -0.000850432 0.00528917 0.282666277751547 -0.030016 0.026384 rs7739388 0.037
cg16885113 6 29648507 29648556 6:29685277:T:C 6 29685277 0.494412 -0.00257032 0.00375409 0.469439900378466 -0.0169092 0.023236 rs1611352 0.06
cg16885113 6 29648507 29648556 6:29685450:C:A 6 29685450 0.865708 -0.000895463 0.00528766 0.283225270336727 -0.029981 0.026385 rs9258156 0.037
cg16885113 6 29648507 29648556 6:29688099:T:A 6 29688099 0.864469 -0.000903845 0.00528791 0.283678877641423 -0.0299521 0.026386 rs9258157 0.037
cg16885113 6 29648507 29648556 6:29688180:A:G 6 29688180 0.863493 -0.000910255 0.00528696 0.283466668758213 -0.0299645 0.026384 rs9258158 0.037
cg16885113 6 29648507 29648556 6:29688285:C:G 6 29688285 0.250659 0.00967271 0.00839367 0.333855857245008 -0.0420217 0.039968 rs9258159 0.012
cg16885113 6 29648507 29648556 6:29688485:T:G 6 29688485 0.863493 -0.000910255 0.00528696 0.284101809605808 -0.0299243 0.026385 rs9258160 0.037
cg16885113 6 29648507 29648556 6:29688501:A:C 6 29688501 0.0245641 0.00703053 0.00310148 9.93001718291996e-05 -0.0706299 0.019121 rs2517910 0.323
cg16885113 6 29648507 29648556 6:29688641:C:G 6 29688641 0.49622 -0.00256187 0.00375749 0.477756935129014 -0.0165945 0.02323 rs1632959 0.06
cg16885113 6 29648507 29648556 6:29688643:A:G 6 29688643 0.350507 -0.00366907 0.00392 0.816547023416244 -0.0056689 0.023996 rs1632958 0.051
cg16885113 6 29648507 29648556 6:29688667:A:G 6 29688667 0.00117928 -0.0114923 0.0034874 0.000138000290302473 0.080454 0.022397 rs1632957 0.77
cg16885113 6 29648507 29648556 6:29688814:G:C 6 29688814 0.863493 -0.000910255 0.00528696 0.282648054170604 -0.0300129 0.026381 rs9258163 0.037
cg16885113 6 29648507 29648556 6:29688869:G:A 6 29688869 0.991683 5.94589e-05 0.00569613 0.288125701425483 -0.0296739 0.02639 rs9258164 0.037
cg16885113 6 29648507 29648556 6:29688886:C:A 6 29688886 0.495906 -0.00256218 0.0037552 0.494374429871876 -0.0159737 0.023215 rs1632447 0.06
cg16885113 6 29648507 29648556 6:29688900:G:C 6 29688900 0.933974 -0.000462862 0.00557941 0.288215278929876 -0.0296678 0.02639 rs9258166 0.037
cg16885113 6 29648507 29648556 6:29688973:G:A 6 29688973 0.863493 -0.000910255 0.00528696 0.239500265945815 -0.0327918 0.026257 rs9258167 0.037
cg16885113 6 29648507 29648556 6:29689003:C:T 6 29689003 0.863493 -0.000910255 0.00528696 0.283385744751891 -0.0299665 0.026382 rs9258168 0.037
cg16885113 6 29648507 29648556 6:29689127:G:T 6 29689127 0.863493 -0.000910255 0.00528696 0.280787002090692 -0.0301283 0.026377 rs3757324 0.037
cg16885113 6 29648507 29648556 6:29689164:A:T 6 29689164 0.495898 -0.0025622 0.00375516 0.47858931685853 -0.0165631 0.023229 rs1632956 0.06
cg16885113 6 29648507 29648556 6:29689202:A:T 6 29689202 0.863493 -0.000910255 0.00528696 0.280964208839918 -0.030117 0.026377 rs3757325 0.037
cg16885113 6 29648507 29648556 6:29689249:C:G 6 29689249 0.863493 -0.000910255 0.00528696 0.281032793273304 -0.0301118 0.026377 rs3757326 0.037
cg16885113 6 29648507 29648556 6:29689532:T:G 6 29689532 0.863493 -0.000910255 0.00528696 0.281639133834672 -0.0300737 0.026377 rs9258169 0.037
cg16885113 6 29648507 29648556 6:29689590:T:G 6 29689590 0.863493 -0.000910255 0.00528696 0.281759131534229 -0.0300655 0.026377 rs9258170 0.037
cg16885113 6 29648507 29648556 6:29689717:G:T 6 29689717 0.863493 -0.000910255 0.00528696 0.281809740480153 -0.0300624 0.026378 rs9258171 0.037
cg16885113 6 29648507 29648556 6:29689973:C:T 6 29689973 0.87424 -0.000836717 0.00527913 0.28175199510647 -0.0300665 0.026378 rs9258172 0.037
cg16885113 6 29648507 29648556 6:29690002:G:T 6 29690002 0.863493 -0.000910255 0.00528696 0.281737722793203 -0.0300675 0.026378 rs9258173 0.037
cg16885113 6 29648507 29648556 6:29690026:T:C 6 29690026 0.863493 -0.000910255 0.00528696 0.281768863317931 -0.0300655 0.026378 rs9258174 0.037
cg16885113 6 29648507 29648556 6:29691003:C:T 6 29691003 0.363963 -0.00587059 0.00645053 0.663457335166546 -0.0169712 0.036913 rs56044823 0.019
cg16885113 6 29648507 29648556 6:29691019:G:A 6 29691019 0.0170623 0.00735077 0.00305362 0.00355099450294377 -0.0531424 0.016973 rs1362126 0.179
cg16885113 6 29648507 29648556 6:29691097:A:T 6 29691097 0.863493 -0.000910255 0.00528696 0.291311077781637 -0.0294844 0.0264 rs2075682 0.037
cg16885113 6 29648507 29648556 6:29691140:C:G 6 29691140 0.862692 -0.000916256 0.00529044 0.305059813207617 -0.0286516 0.026417 rs2072896 0.037
cg16885113 6 29648507 29648556 6:29691303:G:A 6 29691303 0.863493 -0.000910255 0.00528696 0.287930054866923 -0.0296894 0.026392 rs2076183 0.037
cg16885113 6 29648507 29648556 6:29691390:C:G 6 29691390 0.528077 -0.00238709 0.00377618 0.467947358408253 -0.0169653 0.023236 rs1632955 0.06
cg16885113 6 29648507 29648556 6:29691713:A:C 6 29691713 0.863533 -0.00091001 0.00528711 0.278011012871926 -0.0303066 0.026376 rs2076182 0.035
cg16885113 6 29648507 29648556 6:29691744:C:G 6 29691744 0.863493 -0.000910255 0.00528696 0.166203819497729 -0.0390215 0.026372 rs2076181 0.035
cg16885113 6 29648507 29648556 6:29691772:T:C 6 29691772 0.0213831 0.00696864 0.00300244 0.00118699803497758 -0.0584759 0.016708 rs2076179 0.198
cg16885113 6 29648507 29648556 6:29691774:A:C 6 29691774 0.163364 0.00508549 0.00363394 0.121210990452723 -0.0325821 0.019938 rs2076178 0.124
cg16885113 6 29648507 29648556 6:29692305:A:G 6 29692305 0.495898 -0.0025622 0.00375516 0.466851759562282 -0.0170075 0.023238 rs1632953 0.06
cg16885113 6 29648507 29648556 6:29692334:A:G 6 29692334 0.863493 -0.000910255 0.00528696 0.282771737251017 -0.0300047 0.026381 rs9258186 0.035
cg16885113 6 29648507 29648556 6:29692562:A:G 6 29692562 0.495898 -0.0025622 0.00375516 0.466502526332987 -0.0170213 0.02324 rs1736926 0.06
cg16885113 6 29648507 29648556 6:29692634:T:G 6 29692634 0.495898 -0.0025622 0.00375516 0.466467080341513 -0.0170233 0.02324 rs1736925 0.06
cg16885113 6 29648507 29648556 6:29692729:T:G 6 29692729 0.863493 -0.000910255 0.00528696 0.283171799061489 -0.0299799 0.026381 rs2072898 0.035
cg16885113 6 29648507 29648556 6:29693113:C:T 6 29693113 0.863493 -0.000910255 0.00528696 0.283265054298055 -0.0299738 0.026381 rs2076177 0.035
cg16885113 6 29648507 29648556 6:29693499:A:G 6 29693499 0.863493 -0.000910255 0.00528696 0.282530280078046 -0.030017 0.026378 rs2235383 0.035
cg16885113 6 29648507 29648556 6:29693726:G:T 6 29693726 0.363963 -0.00587059 0.00645053 0.649048274977331 -0.0177486 0.036885 rs114325231 0.019
cg16885113 6 29648507 29648556 6:29693938:G:A 6 29693938 0.139641 0.0055666 0.00375223 0.0175699287363509 -0.0568519 0.022092 rs2735061 0.025
cg16885113 6 29648507 29648556 6:29693969:C:T 6 29693969 0.00117928 -0.0114923 0.0034874 5.12000046006515e-05 0.0856032 0.022541 rs1736922 0.77
cg16885113 6 29648507 29648556 6:29694427:C:T 6 29694427 0.495898 -0.0025622 0.00375516 0.45647500284482 -0.0174725 0.023336 rs1059174 0.06
cg16885113 6 29648507 29648556 6:29694443:A:G 6 29694443 0.363963 -0.00587059 0.00645053 0.65307340737794 -0.0175308 0.036893 rs62391801 0.019
cg16885113 6 29648507 29648556 6:29694570:A:G 6 29694570 0.863493 -0.000910255 0.00528696 0.289502954336815 -0.0295874 0.026391 rs3734813 0.035
cg16885113 6 29648507 29648556 6:29694680:A:C 6 29694680 0.863493 -0.000910255 0.00528696 0.24004021108429 -0.0346453 0.027678 rs3734814 0.035
cg16885113 6 29648507 29648556 6:29694681:A:T 6 29694681 0.863493 -0.000910255 0.00528696 0.227307099348463 -0.0355567 0.027618 rs3734815 0.035
cg16885113 6 29648507 29648556 6:29695180:G:A 6 29695180 0.00117928 -0.0114923 0.0034874 4.53001875432241e-05 0.086208 0.022555 rs1419696 0.77
cg16885113 6 29648507 29648556 6:29695305:T:G 6 29695305 0.0229704 0.00687531 0.0029982 0.000914008006352031 -0.0598073 0.016686 rs2523405 0.198
cg16885113 6 29648507 29648556 6:29695502:A:C 6 29695502 0.00117928 -0.0114923 0.0034874 4.54998536757912e-05 0.086186 0.022555 rs1628578 0.77
cg16885113 6 29648507 29648556 6:29695600:T:G 6 29695600 0.863493 -0.000910255 0.00528696 0.288446982447624 -0.0296533 0.02639 rs9258187 0.035
cg16885113 6 29648507 29648556 6:29695713:C:T 6 29695713 0.0229704 0.00687531 0.0029982 0.000924996309461726 -0.0597458 0.016687 rs2523404 0.198
cg16885113 6 29648507 29648556 6:29695808:A:G 6 29695808 0.363963 -0.00587059 0.00645053 0.652664513507916 -0.0175542 0.036894 rs55672647 0.019
cg16885113 6 29648507 29648556 6:29695854:G:A 6 29695854 0.0229704 0.00687531 0.0029982 0.000875991717633117 -0.0600239 0.016682 rs2735059 0.198
cg16885113 6 29648507 29648556 6:29696209:G:A 6 29696209 0.495898 -0.0025622 0.00375516 0.463687085286573 -0.0171314 0.023245 rs1736921 0.06
cg16885113 6 29648507 29648556 6:29696245:T:C 6 29696245 0.863493 -0.000910255 0.00528696 0.292967199752811 -0.0294154 0.02643 rs2272874 0.035
cg16885113 6 29648507 29648556 6:29696654:T:C 6 29696654 0.863493 -0.000910255 0.00528696 0.288914274679101 -0.0296667 0.026426 rs3736697 0.035
cg16885113 6 29648507 29648556 6:29696656:G:A 6 29696656 0.000935436 -0.0117643 0.00349734 4.08996884671792e-05 0.0890479 0.023216 rs885947 0.77
cg16885113 6 29648507 29648556 6:29696657:T:C 6 29696657 3.74832e-05 -0.0149599 0.0035404 9.31000683882692e-06 0.0992587 0.024179 rs885946 0.861
cg16885113 6 29648507 29648556 6:29696849:A:C 6 29696849 0.863493 -0.000910255 0.00528696 0.291160864369326 -0.0295308 0.026431 rs3736694 0.037
cg16885113 6 29648507 29648556 6:29696852:C:T 6 29696852 5.27732e-05 -0.0146105 0.00352886 8.67001801747366e-06 0.0968408 0.023466 rs885945 0.861
cg16885113 6 29648507 29648556 6:29716805:G:C 6 29716805 0.265771 0.00760419 0.00681227 0.585052716242917 -0.0210663 0.036382 rs114419664 0.011
cg16885113 6 29648507 29648556 6:29725013:A:G 6 29725013 0.00213643 -0.0198857 0.00638456 0.210612915461107 0.0507036 0.040963 rs115938232 0.188
cg16885113 6 29648507 29648556 6:29726196:T:C 6 29726196 0.495898 -0.0025622 0.00375516 0.397984354966357 -0.0197615 0.023309 rs1633062 0.058
cg16885113 6 29648507 29648556 6:29728209:C:A 6 29728209 0.495898 -0.0025622 0.00375516 0.401641888092103 -0.0196065 0.023302 rs113795410 0.058
cg16885113 6 29648507 29648556 6:29748190:C:T 6 29748190 0.269009 0.00755473 0.00681407 0.945371052578482 0.00284395 0.039987 rs116059712 0.011
cg16885113 6 29648507 29648556 6:29751998:C:T 6 29751998 0.00994878 -0.00879773 0.00337772 0.000484005169248485 0.0810444 0.02461 rs143525179 0.516
cg16885113 6 29648507 29648556 6:29754368:T:G 6 29754368 0.304922 -0.0066322 0.00644651 0.744509082131045 -0.0126659 0.03695 rs116487225 0.019
cg16885113 6 29648507 29648556 6:29774792:G:A 6 29774792 0.454048 -0.00480067 0.00639856 0.336441840413706 0.034839 0.036228 rs116033990 0.005
cg16885113 6 29648507 29648556 6:29784309:G:A 6 29784309 0.452795 -0.00481511 0.00639999 0.272418125349106 0.0403825 0.036963 rs139331180 0.005
cg16885113 6 29648507 29648556 6:29784769:T:C 6 29784769 0.602739 -0.00323748 0.00620961 0.780496572092733 -0.0106576 0.036455 rs115920041 0.019
cg16885113 6 29648507 29648556 6:29784983:G:A 6 29784983 0.588923 -0.00338489 0.00625272 0.767511691845874 -0.0113613 0.036599 rs114181339 0.019
cg16885113 6 29648507 29648556 6:29786335:C:T 6 29786335 0.304936 -0.00663295 0.00644743 0.748595134349771 -0.0123935 0.03678 rs114532713 0.019
cg16885113 6 29648507 29648556 6:29786346:C:T 6 29786346 0.595991 -0.0033113 0.00623482 0.777171739767343 -0.0108234 0.036448 rs113998437 0.019
cg16885113 6 29648507 29648556 6:29786352:G:A 6 29786352 0.601374 -0.00333505 0.00637275 0.777048273795314 -0.0108294 0.036448 rs115128443 0.019
cg16885113 6 29648507 29648556 6:29791809:C:A 6 29791809 0.448276 -0.00486723 0.00640493 0.242800177558154 0.0422891 0.036463 rs140232731 0.005
cg16885113 6 29648507 29648556 6:29791992:C:T 6 29791992 0.304922 -0.0066322 0.00644651 0.721868348702845 -0.0137633 0.036727 rs114588158 0.021
cg16885113 6 29648507 29648556 6:29798083:C:T 6 29798083 0.299602 -0.00670681 0.00644749 0.706101281996583 -0.0145757 0.036684 rs114038308 0.019
cg16885113 6 29648507 29648556 6:29811819:A:G 6 29811819 0.253279 -0.00723423 0.00631253 0.717762889092012 -0.0139478 0.036648 rs116773407 0.019
cg16885113 6 29648507 29648556 6:29812896:G:A 6 29812896 0.253279 -0.00723423 0.00631253 0.823376940542336 -0.00977058 0.041543 rs114853934 0.019
cg16885113 6 29648507 29648556 6:29813430:C:T 6 29813430 0.253279 -0.00723423 0.00631253 0.72696081176135 -0.0134734 0.036665 rs114583127 0.019
cg16885113 6 29648507 29648556 6:29813489:C:T 6 29813489 0.253279 -0.00723423 0.00631253 0.726999312230775 -0.0134713 0.036665 rs115811566 0.019
cg16885113 6 29648507 29648556 6:29814986:C:T 6 29814986 0.253279 -0.00723423 0.00631253 0.731681374700074 -0.0132311 0.036674 rs115460701 0.019
cg16885113 6 29648507 29648556 6:29827079:T:A 6 29827079 0.715058 -0.00171664 0.00469497 0.0449593475369859 0.0585217 0.030075 rs141143417 0
cg16885113 6 29648507 29648556 6:29830777:A:G 6 29830777 0.253279 -0.00723423 0.00631253 0.77108277206751 -0.0112935 0.036956 rs151188422 0.019
cg16885113 6 29648507 29648556 6:29832497:G:A 6 29832497 0.253816 -0.00723526 0.0063206 0.767186584700345 -0.0117447 0.037722 rs116742675 0.019
cg16885113 6 29648507 29648556 6:29841330:G:A 6 29841330 0.846204 -0.00101057 0.00520274 0.091453430312046 0.0573893 0.034837 rs114262395 0.001
cg16885113 6 29648507 29648556 6:29842964:A:G 6 29842964 0.0440181 0.0152631 0.00752675 0.158144102182832 -0.0622787 0.039722 rs146688278 0.008
cg16885113 6 29648507 29648556 6:29843430:T:C 6 29843430 0.910204 -0.000333363 0.00295177 0.441289912530421 -0.016384 0.021184 rs9259034 0.04
cg16885113 6 29648507 29648556 6:29893960:T:C 6 29893960 0.0184218 -0.00768752 0.00323249 0.000283002322734475 0.0878552 0.025791 rs2517775 0.429
cg16885113 6 29648507 29648556 6:29893982:C:T 6 29893982 0.0185921 -0.00767558 0.00323223 0.000289001435534947 0.087727 0.025788 rs2517774 0.429
